12
1212
1223
121212
121223
122312
122313
122323
122324
122334
12121212
12121223
12122312
12122313
12122323
12122324
12122334
12231212
12231213
12231214
12231223
12231224
12231312
12231313
12231314
12231323
12231334
12232312
12232313
12232323
12232324
12232334
12232412
12232414
12232423
12232424
12232434
12233413
12233414
12233423
12233424
12233434
1212121212
1212121223
1212122312
1212122313
1212122323
1212122324
1212122334
1212231212
1212231213
1212231214
1212231223
1212231224
1212231312
1212231313
1212231314
1212231323
1212231334
1212232312
1212232313
1212232323
1212232324
1212232334
1212232412
1212232414
1212232423
1212232424
1212232434
1212233413
1212233414
1212233423
1212233424
1212233434
1223121212
1223121213
1223121214
1223121223
1223121224
1223121312
1223121313
1223121314
1223121323
1223121334
1223121412
1223121413
1223121414
1223121424
1223121434
1223122312
1223122313
1223122323
1223122324
1223122334
1223122412
1223122414
1223122423
1223122424
1223122434
1223131212
1223131213
1223131214
1223131223
1223131224
1223131312
1223131313
1223131314
1223131323
1223131334
1223131412
1223131413
1223131414
1223131424
1223131434
1223132312
1223132313
1223132323
1223132324
1223132334
1223133413
1223133414
1223133423
1223133424
1223133434
1223231212
1223231213
1223231214
1223231223
1223231224
1223231312
1223231313
1223231314
1223231323
1223231334
1223232312
1223232313
1223232323
1223232324
1223232334
1223232412
1223232414
1223232423
1223232424
1223232434
1223233413
1223233414
1223233423
1223233424
1223233434
1223241212
1223241213
1223241214
1223241223
1223241224
1223241412
1223241413
1223241414
1223241424
1223241434
1223242312
1223242313
1223242323
1223242324
1223242334
1223242412
1223242414
1223242423
1223242424
1223242434
1223243413
1223243414
1223243423
1223243424
1223243434
1223341312
1223341313
1223341314
1223341323
1223341334
1223341412
1223341413
1223341414
1223341424
1223341434
1223342312
1223342313
1223342323
1223342324
1223342334
1223342412
1223342414
1223342423
1223342424
1223342434
1223343413
1223343414
1223343423
1223343424
1223343434
121212121212
121212121223
121212122312
121212122313
121212122323
121212122324
121212122334
121212231212
121212231213
121212231214
121212231223
121212231224
121212231312
121212231313
121212231314
121212231323
121212231334
121212232312
121212232313
121212232323
121212232324
121212232334
121212232412
121212232414
121212232423
121212232424
121212232434
121212233413
121212233414
121212233423
121212233424
121212233434
121223121212
121223121213
121223121214
121223121223
121223121224
121223121312
121223121313
121223121314
121223121323
121223121334
121223121412
121223121413
121223121414
121223121424
121223121434
121223122312
121223122313
121223122323
121223122324
121223122334
121223122412
121223122414
121223122423
121223122424
121223122434
121223131212
121223131213
121223131214
121223131223
121223131224
121223131312
121223131313
121223131314
121223131323
121223131334
121223131412
121223131413
121223131414
121223131424
121223131434
121223132312
121223132313
121223132323
121223132324
121223132334
121223133413
121223133414
121223133423
121223133424
121223133434
121223231212
121223231213
121223231214
121223231223
121223231224
121223231312
121223231313
121223231314
121223231323
121223231334
121223232312
121223232313
121223232323
121223232324
121223232334
121223232412
121223232414
121223232423
121223232424
121223232434
121223233413
121223233414
121223233423
121223233424
121223233434
121223241212
121223241213
121223241214
121223241223
121223241224
121223241412
121223241413
121223241414
121223241424
121223241434
121223242312
121223242313
121223242323
121223242324
121223242334
121223242412
121223242414
121223242423
121223242424
121223242434
121223243413
121223243414
121223243423
121223243424
121223243434
121223341312
121223341313
121223341314
121223341323
121223341334
121223341412
121223341413
121223341414
121223341424
121223341434
121223342312
121223342313
121223342323
121223342324
121223342334
121223342412
121223342414
121223342423
121223342424
121223342434
121223343413
121223343414
121223343423
121223343424
121223343434
122312121212
122312121213
122312121214
122312121223
122312121224
122312121312
122312121313
122312121314
122312121323
122312121334
122312121412
122312121413
122312121414
122312121424
122312121434
122312122312
122312122313
122312122323
122312122324
122312122334
122312122412
122312122414
122312122423
122312122424
122312122434
122312131212
122312131213
122312131214
122312131223
122312131224
122312131312
122312131313
122312131314
122312131323
122312131334
122312131412
122312131413
122312131414
122312131424
122312131434
122312132312
122312132313
122312132323
122312132324
122312132334
122312133413
122312133414
122312133423
122312133424
122312133434
122312141212
122312141213
122312141214
122312141223
122312141224
122312141312
122312141313
122312141314
122312141323
122312141334
122312141412
122312141413
122312141414
122312141424
122312141434
122312142412
122312142414
122312142423
122312142424
122312142434
122312143413
122312143414
122312143423
122312143424
122312143434
122312231212
122312231213
122312231214
122312231223
122312231224
122312231312
122312231313
122312231314
122312231323
122312231334
122312232312
122312232313
122312232323
122312232324
122312232334
122312232412
122312232414
122312232423
122312232424
122312232434
122312233413
122312233414
122312233423
122312233424
122312233434
122312241212
122312241213
122312241214
122312241223
122312241224
122312241412
122312241413
122312241414
122312241424
122312241434
122312242312
122312242313
122312242323
122312242324
122312242334
122312242412
122312242414
122312242423
122312242424
122312242434
122312243413
122312243414
122312243423
122312243424
122312243434
122313121212
122313121213
122313121214
122313121223
122313121224
122313121312
122313121313
122313121314
122313121323
122313121334
122313121412
122313121413
122313121414
122313121424
122313121434
122313122312
122313122313
122313122323
122313122324
122313122334
122313122412
122313122414
122313122423
122313122424
122313122434
122313131212
122313131213
122313131214
122313131223
122313131224
122313131312
122313131313
122313131314
122313131323
122313131334
122313131412
122313131413
122313131414
122313131424
122313131434
122313132312
122313132313
122313132323
122313132324
122313132334
122313133413
122313133414
122313133423
122313133424
122313133434
122313141212
122313141213
122313141214
122313141223
122313141224
122313141312
122313141313
122313141314
122313141323
122313141334
122313141412
122313141413
122313141414
122313141424
122313141434
122313142412
122313142414
122313142423
122313142424
122313142434
122313143413
122313143414
122313143423
122313143424
122313143434
122313231212
122313231213
122313231214
122313231223
122313231224
122313231312
122313231313
122313231314
122313231323
122313231334
122313232312
122313232313
122313232323
122313232324
122313232334
122313232412
122313232414
122313232423
122313232424
122313232434
122313233413
122313233414
122313233423
122313233424
122313233434
122313341312
122313341313
122313341314
122313341323
122313341334
122313341412
122313341413
122313341414
122313341424
122313341434
122313342312
122313342313
122313342323
122313342324
122313342334
122313342412
122313342414
122313342423
122313342424
122313342434
122313343413
122313343414
122313343423
122313343424
122313343434
122323121212
122323121213
122323121214
122323121223
122323121224
122323121312
122323121313
122323121314
122323121323
122323121334
122323121412
122323121413
122323121414
122323121424
122323121434
122323122312
122323122313
122323122323
122323122324
122323122334
122323122412
122323122414
122323122423
122323122424
122323122434
122323131212
122323131213
122323131214
122323131223
122323131224
122323131312
122323131313
122323131314
122323131323
122323131334
122323131412
122323131413
122323131414
122323131424
122323131434
122323132312
122323132313
122323132323
122323132324
122323132334
122323133413
122323133414
122323133423
122323133424
122323133434
122323231212
122323231213
122323231214
122323231223
122323231224
122323231312
122323231313
122323231314
122323231323
122323231334
122323232312
122323232313
122323232323
122323232324
122323232334
122323232412
122323232414
122323232423
122323232424
122323232434
122323233413
122323233414
122323233423
122323233424
122323233434
122323241212
122323241213
122323241214
122323241223
122323241224
122323241412
122323241413
122323241414
122323241424
122323241434
122323242312
122323242313
122323242323
122323242324
122323242334
122323242412
122323242414
122323242423
122323242424
122323242434
122323243413
122323243414
122323243423
122323243424
122323243434
122323341312
122323341313
122323341314
122323341323
122323341334
122323341412
122323341413
122323341414
122323341424
122323341434
122323342312
122323342313
122323342323
122323342324
122323342334
122323342412
122323342414
122323342423
122323342424
122323342434
122323343413
122323343414
122323343423
122323343424
122323343434
122324121212
122324121213
122324121214
122324121223
122324121224
122324121312
122324121313
122324121314
122324121323
122324121334
122324121412
122324121413
122324121414
122324121424
122324121434
122324122312
122324122313
122324122323
122324122324
122324122334
122324122412
122324122414
122324122423
122324122424
122324122434
122324141212
122324141213
122324141214
122324141223
122324141224
122324141312
122324141313
122324141314
122324141323
122324141334
122324141412
122324141413
122324141414
122324141424
122324141434
122324142412
122324142414
122324142423
122324142424
122324142434
122324143413
122324143414
122324143423
122324143424
122324143434
122324231212
122324231213
122324231214
122324231223
122324231224
122324231312
122324231313
122324231314
122324231323
122324231334
122324232312
122324232313
122324232323
122324232324
122324232334
122324232412
122324232414
122324232423
122324232424
122324232434
122324233413
122324233414
122324233423
122324233424
122324233434
122324241212
122324241213
122324241214
122324241223
122324241224
122324241412
122324241413
122324241414
122324241424
122324241434
122324242312
122324242313
122324242323
122324242324
122324242334
122324242412
122324242414
122324242423
122324242424
122324242434
122324243413
122324243414
122324243423
122324243424
122324243434
122324341312
122324341313
122324341314
122324341323
122324341334
122324341412
122324341413
122324341414
122324341424
122324341434
122324342312
122324342313
122324342323
122324342324
122324342334
122324342412
122324342414
122324342423
122324342424
122324342434
122324343413
122324343414
122324343423
122324343424
122324343434
122334131212
122334131213
122334131214
122334131223
122334131224
122334131312
122334131313
122334131314
122334131323
122334131334
122334131412
122334131413
122334131414
122334131424
122334131434
122334132312
122334132313
122334132323
122334132324
122334132334
122334133413
122334133414
122334133423
122334133424
122334133434
122334141212
122334141213
122334141214
122334141223
122334141224
122334141312
122334141313
122334141314
122334141323
122334141334
122334141412
122334141413
122334141414
122334141424
122334141434
122334142412
122334142414
122334142423
122334142424
122334142434
122334143413
122334143414
122334143423
122334143424
122334143434
122334231212
122334231213
122334231214
122334231223
122334231224
122334231312
122334231313
122334231314
122334231323
122334231334
122334232312
122334232313
122334232323
122334232324
122334232334
122334232412
122334232414
122334232423
122334232424
122334232434
122334233413
122334233414
122334233423
122334233424
122334233434
122334241212
122334241213
122334241214
122334241223
122334241224
122334241412
122334241413
122334241414
122334241424
122334241434
122334242312
122334242313
122334242323
122334242324
122334242334
122334242412
122334242414
122334242423
122334242424
122334242434
122334243413
122334243414
122334243423
122334243424
122334243434
122334341312
122334341313
122334341314
122334341323
122334341334
122334341412
122334341413
122334341414
122334341424
122334341434
122334342312
122334342313
122334342323
122334342324
122334342334
122334342412
122334342414
122334342423
122334342424
122334342434
122334343413
122334343414
122334343423
122334343424
122334343434
12121212121212
12121212121223
12121212122312
12121212122313
12121212122323
12121212122324
12121212122334
12121212231212
12121212231213
12121212231214
12121212231223
12121212231224
12121212231312
12121212231313
12121212231314
12121212231323
12121212231334
12121212232312
12121212232313
12121212232323
12121212232324
12121212232334
12121212232412
12121212232414
12121212232423
12121212232424
12121212232434
12121212233413
12121212233414
12121212233423
12121212233424
12121212233434
12121223121212
12121223121213
12121223121214
12121223121223
12121223121224
12121223121312
12121223121313
12121223121314
12121223121323
12121223121334
12121223121412
12121223121413
12121223121414
12121223121424
12121223121434
12121223122312
12121223122313
12121223122323
12121223122324
12121223122334
12121223122412
12121223122414
12121223122423
12121223122424
12121223122434
12121223131212
12121223131213
12121223131214
12121223131223
12121223131224
12121223131312
12121223131313
12121223131314
12121223131323
12121223131334
12121223131412
12121223131413
12121223131414
12121223131424
12121223131434
12121223132312
12121223132313
12121223132323
12121223132324
12121223132334
12121223133413
12121223133414
12121223133423
12121223133424
12121223133434
12121223231212
12121223231213
12121223231214
12121223231223
12121223231224
12121223231312
12121223231313
12121223231314
12121223231323
12121223231334
12121223232312
12121223232313
12121223232323
12121223232324
12121223232334
12121223232412
12121223232414
12121223232423
12121223232424
12121223232434
12121223233413
12121223233414
12121223233423
12121223233424
12121223233434
12121223241212
12121223241213
12121223241214
12121223241223
12121223241224
12121223241412
12121223241413
12121223241414
12121223241424
12121223241434
12121223242312
12121223242313
12121223242323
12121223242324
12121223242334
12121223242412
12121223242414
12121223242423
12121223242424
12121223242434
12121223243413
12121223243414
12121223243423
12121223243424
12121223243434
12121223341312
12121223341313
12121223341314
12121223341323
12121223341334
12121223341412
12121223341413
12121223341414
12121223341424
12121223341434
12121223342312
12121223342313
12121223342323
12121223342324
12121223342334
12121223342412
12121223342414
12121223342423
12121223342424
12121223342434
12121223343413
12121223343414
12121223343423
12121223343424
12121223343434
12122312121212
12122312121213
12122312121214
12122312121223
12122312121224
12122312121312
12122312121313
12122312121314
12122312121323
12122312121334
12122312121412
12122312121413
12122312121414
12122312121424
12122312121434
12122312122312
12122312122313
12122312122323
12122312122324
12122312122334
12122312122412
12122312122414
12122312122423
12122312122424
12122312122434
12122312131212
12122312131213
12122312131214
12122312131223
12122312131224
12122312131312
12122312131313
12122312131314
12122312131323
12122312131334
12122312131412
12122312131413
12122312131414
12122312131424
12122312131434
12122312132312
12122312132313
12122312132323
12122312132324
12122312132334
12122312133413
12122312133414
12122312133423
12122312133424
12122312133434
12122312141212
12122312141213
12122312141214
12122312141223
12122312141224
12122312141312
12122312141313
12122312141314
12122312141323
12122312141334
12122312141412
12122312141413
12122312141414
12122312141424
12122312141434
12122312142412
12122312142414
12122312142423
12122312142424
12122312142434
12122312143413
12122312143414
12122312143423
12122312143424
12122312143434
12122312231212
12122312231213
12122312231214
12122312231223
12122312231224
12122312231312
12122312231313
12122312231314
12122312231323
12122312231334
12122312232312
12122312232313
12122312232323
12122312232324
12122312232334
12122312232412
12122312232414
12122312232423
12122312232424
12122312232434
12122312233413
12122312233414
12122312233423
12122312233424
12122312233434
12122312241212
12122312241213
12122312241214
12122312241223
12122312241224
12122312241412
12122312241413
12122312241414
12122312241424
12122312241434
12122312242312
12122312242313
12122312242323
12122312242324
12122312242334
12122312242412
12122312242414
12122312242423
12122312242424
12122312242434
12122312243413
12122312243414
12122312243423
12122312243424
12122312243434
12122313121212
12122313121213
12122313121214
12122313121223
12122313121224
12122313121312
12122313121313
12122313121314
12122313121323
12122313121334
12122313121412
12122313121413
12122313121414
12122313121424
12122313121434
12122313122312
12122313122313
12122313122323
12122313122324
12122313122334
12122313122412
12122313122414
12122313122423
12122313122424
12122313122434
12122313131212
12122313131213
12122313131214
12122313131223
12122313131224
12122313131312
12122313131313
12122313131314
12122313131323
12122313131334
12122313131412
12122313131413
12122313131414
12122313131424
12122313131434
12122313132312
12122313132313
12122313132323
12122313132324
12122313132334
12122313133413
12122313133414
12122313133423
12122313133424
12122313133434
12122313141212
12122313141213
12122313141214
12122313141223
12122313141224
12122313141312
12122313141313
12122313141314
12122313141323
12122313141334
12122313141412
12122313141413
12122313141414
12122313141424
12122313141434
12122313142412
12122313142414
12122313142423
12122313142424
12122313142434
12122313143413
12122313143414
12122313143423
12122313143424
12122313143434
12122313231212
12122313231213
12122313231214
12122313231223
12122313231224
12122313231312
12122313231313
12122313231314
12122313231323
12122313231334
12122313232312
12122313232313
12122313232323
12122313232324
12122313232334
12122313232412
12122313232414
12122313232423
12122313232424
12122313232434
12122313233413
12122313233414
12122313233423
12122313233424
12122313233434
12122313341312
12122313341313
12122313341314
12122313341323
12122313341334
12122313341412
12122313341413
12122313341414
12122313341424
12122313341434
12122313342312
12122313342313
12122313342323
12122313342324
12122313342334
12122313342412
12122313342414
12122313342423
12122313342424
12122313342434
12122313343413
12122313343414
12122313343423
12122313343424
12122313343434
12122323121212
12122323121213
12122323121214
12122323121223
12122323121224
12122323121312
12122323121313
12122323121314
12122323121323
12122323121334
12122323121412
12122323121413
12122323121414
12122323121424
12122323121434
12122323122312
12122323122313
12122323122323
12122323122324
12122323122334
12122323122412
12122323122414
12122323122423
12122323122424
12122323122434
12122323131212
12122323131213
12122323131214
12122323131223
12122323131224
12122323131312
12122323131313
12122323131314
12122323131323
12122323131334
12122323131412
12122323131413
12122323131414
12122323131424
12122323131434
12122323132312
12122323132313
12122323132323
12122323132324
12122323132334
12122323133413
12122323133414
12122323133423
12122323133424
12122323133434
12122323231212
12122323231213
12122323231214
12122323231223
12122323231224
12122323231312
12122323231313
12122323231314
12122323231323
12122323231334
12122323232312
12122323232313
12122323232323
12122323232324
12122323232334
12122323232412
12122323232414
12122323232423
12122323232424
12122323232434
12122323233413
12122323233414
12122323233423
12122323233424
12122323233434
12122323241212
12122323241213
12122323241214
12122323241223
12122323241224
12122323241412
12122323241413
12122323241414
12122323241424
12122323241434
12122323242312
12122323242313
12122323242323
12122323242324
12122323242334
12122323242412
12122323242414
12122323242423
12122323242424
12122323242434
12122323243413
12122323243414
12122323243423
12122323243424
12122323243434
12122323341312
12122323341313
12122323341314
12122323341323
12122323341334
12122323341412
12122323341413
12122323341414
12122323341424
12122323341434
12122323342312
12122323342313
12122323342323
12122323342324
12122323342334
12122323342412
12122323342414
12122323342423
12122323342424
12122323342434
12122323343413
12122323343414
12122323343423
12122323343424
12122323343434
12122324121212
12122324121213
12122324121214
12122324121223
12122324121224
12122324121312
12122324121313
12122324121314
12122324121323
12122324121334
12122324121412
12122324121413
12122324121414
12122324121424
12122324121434
12122324122312
12122324122313
12122324122323
12122324122324
12122324122334
12122324122412
12122324122414
12122324122423
12122324122424
12122324122434
12122324141212
12122324141213
12122324141214
12122324141223
12122324141224
12122324141312
12122324141313
12122324141314
12122324141323
12122324141334
12122324141412
12122324141413
12122324141414
12122324141424
12122324141434
12122324142412
12122324142414
12122324142423
12122324142424
12122324142434
12122324143413
12122324143414
12122324143423
12122324143424
12122324143434
12122324231212
12122324231213
12122324231214
12122324231223
12122324231224
12122324231312
12122324231313
12122324231314
12122324231323
12122324231334
12122324232312
12122324232313
12122324232323
12122324232324
12122324232334
12122324232412
12122324232414
12122324232423
12122324232424
12122324232434
12122324233413
12122324233414
12122324233423
12122324233424
12122324233434
12122324241212
12122324241213
12122324241214
12122324241223
12122324241224
12122324241412
12122324241413
12122324241414
12122324241424
12122324241434
12122324242312
12122324242313
12122324242323
12122324242324
12122324242334
12122324242412
12122324242414
12122324242423
12122324242424
12122324242434
12122324243413
12122324243414
12122324243423
12122324243424
12122324243434
12122324341312
12122324341313
12122324341314
12122324341323
12122324341334
12122324341412
12122324341413
12122324341414
12122324341424
12122324341434
12122324342312
12122324342313
12122324342323
12122324342324
12122324342334
12122324342412
12122324342414
12122324342423
12122324342424
12122324342434
12122324343413
12122324343414
12122324343423
12122324343424
12122324343434
12122334131212
12122334131213
12122334131214
12122334131223
12122334131224
12122334131312
12122334131313
12122334131314
12122334131323
12122334131334
12122334131412
12122334131413
12122334131414
12122334131424
12122334131434
12122334132312
12122334132313
12122334132323
12122334132324
12122334132334
12122334133413
12122334133414
12122334133423
12122334133424
12122334133434
12122334141212
12122334141213
12122334141214
12122334141223
12122334141224
12122334141312
12122334141313
12122334141314
12122334141323
12122334141334
12122334141412
12122334141413
12122334141414
12122334141424
12122334141434
12122334142412
12122334142414
12122334142423
12122334142424
12122334142434
12122334143413
12122334143414
12122334143423
12122334143424
12122334143434
12122334231212
12122334231213
12122334231214
12122334231223
12122334231224
12122334231312
12122334231313
12122334231314
12122334231323
12122334231334
12122334232312
12122334232313
12122334232323
12122334232324
12122334232334
12122334232412
12122334232414
12122334232423
12122334232424
12122334232434
12122334233413
12122334233414
12122334233423
12122334233424
12122334233434
12122334241212
12122334241213
12122334241214
12122334241223
12122334241224
12122334241412
12122334241413
12122334241414
12122334241424
12122334241434
12122334242312
12122334242313
12122334242323
12122334242324
12122334242334
12122334242412
12122334242414
12122334242423
12122334242424
12122334242434
12122334243413
12122334243414
12122334243423
12122334243424
12122334243434
12122334341312
12122334341313
12122334341314
12122334341323
12122334341334
12122334341412
12122334341413
12122334341414
12122334341424
12122334341434
12122334342312
12122334342313
12122334342323
12122334342324
12122334342334
12122334342412
12122334342414
12122334342423
12122334342424
12122334342434
12122334343413
12122334343414
12122334343423
12122334343424
12122334343434
12231212121212
12231212121213
12231212121214
12231212121223
12231212121224
12231212121312
12231212121313
12231212121314
12231212121323
12231212121334
12231212121412
12231212121413
12231212121414
12231212121424
12231212121434
12231212122312
12231212122313
12231212122323
12231212122324
12231212122334
12231212122412
12231212122414
12231212122423
12231212122424
12231212122434
12231212131212
12231212131213
12231212131214
12231212131223
12231212131224
12231212131312
12231212131313
12231212131314
12231212131323
12231212131334
12231212131412
12231212131413
12231212131414
12231212131424
12231212131434
12231212132312
12231212132313
12231212132323
12231212132324
12231212132334
12231212133413
12231212133414
12231212133423
12231212133424
12231212133434
12231212141212
12231212141213
12231212141214
12231212141223
12231212141224
12231212141312
12231212141313
12231212141314
12231212141323
12231212141334
12231212141412
12231212141413
12231212141414
12231212141424
12231212141434
12231212142412
12231212142414
12231212142423
12231212142424
12231212142434
12231212143413
12231212143414
12231212143423
12231212143424
12231212143434
12231212231212
12231212231213
12231212231214
12231212231223
12231212231224
12231212231312
12231212231313
12231212231314
12231212231323
12231212231334
12231212232312
12231212232313
12231212232323
12231212232324
12231212232334
12231212232412
12231212232414
12231212232423
12231212232424
12231212232434
12231212233413
12231212233414
12231212233423
12231212233424
12231212233434
12231212241212
12231212241213
12231212241214
12231212241223
12231212241224
12231212241412
12231212241413
12231212241414
12231212241424
12231212241434
12231212242312
12231212242313
12231212242323
12231212242324
12231212242334
12231212242412
12231212242414
12231212242423
12231212242424
12231212242434
12231212243413
12231212243414
12231212243423
12231212243424
12231212243434
12231213121212
12231213121213
12231213121214
12231213121223
12231213121224
12231213121312
12231213121313
12231213121314
12231213121323
12231213121334
12231213121412
12231213121413
12231213121414
12231213121424
12231213121434
12231213122312
12231213122313
12231213122323
12231213122324
12231213122334
12231213122412
12231213122414
12231213122423
12231213122424
12231213122434
12231213131212
12231213131213
12231213131214
12231213131223
12231213131224
12231213131312
12231213131313
12231213131314
12231213131323
12231213131334
12231213131412
12231213131413
12231213131414
12231213131424
12231213131434
12231213132312
12231213132313
12231213132323
12231213132324
12231213132334
12231213133413
12231213133414
12231213133423
12231213133424
12231213133434
12231213141212
12231213141213
12231213141214
12231213141223
12231213141224
12231213141312
12231213141313
12231213141314
12231213141323
12231213141334
12231213141412
12231213141413
12231213141414
12231213141424
12231213141434
12231213142412
12231213142414
12231213142423
12231213142424
12231213142434
12231213143413
12231213143414
12231213143423
12231213143424
12231213143434
12231213231212
12231213231213
12231213231214
12231213231223
12231213231224
12231213231312
12231213231313
12231213231314
12231213231323
12231213231334
12231213232312
12231213232313
12231213232323
12231213232324
12231213232334
12231213232412
12231213232414
12231213232423
12231213232424
12231213232434
12231213233413
12231213233414
12231213233423
12231213233424
12231213233434
12231213341312
12231213341313
12231213341314
12231213341323
12231213341334
12231213341412
12231213341413
12231213341414
12231213341424
12231213341434
12231213342312
12231213342313
12231213342323
12231213342324
12231213342334
12231213342412
12231213342414
12231213342423
12231213342424
12231213342434
12231213343413
12231213343414
12231213343423
12231213343424
12231213343434
12231214121212
12231214121213
12231214121214
12231214121223
12231214121224
12231214121312
12231214121313
12231214121314
12231214121323
12231214121334
12231214121412
12231214121413
12231214121414
12231214121424
12231214121434
12231214122312
12231214122313
12231214122323
12231214122324
12231214122334
12231214122412
12231214122414
12231214122423
12231214122424
12231214122434
12231214131212
12231214131213
12231214131214
12231214131223
12231214131224
12231214131312
12231214131313
12231214131314
12231214131323
12231214131334
12231214131412
12231214131413
12231214131414
12231214131424
12231214131434
12231214132312
12231214132313
12231214132323
12231214132324
12231214132334
12231214133413
12231214133414
12231214133423
12231214133424
12231214133434
12231214141212
12231214141213
12231214141214
12231214141223
12231214141224
12231214141312
12231214141313
12231214141314
12231214141323
12231214141334
12231214141412
12231214141413
12231214141414
12231214141424
12231214141434
12231214142412
12231214142414
12231214142423
12231214142424
12231214142434
12231214143413
12231214143414
12231214143423
12231214143424
12231214143434
12231214241212
12231214241213
12231214241214
12231214241223
12231214241224
12231214241412
12231214241413
12231214241414
12231214241424
12231214241434
12231214242312
12231214242313
12231214242323
12231214242324
12231214242334
12231214242412
12231214242414
12231214242423
12231214242424
12231214242434
12231214243413
12231214243414
12231214243423
12231214243424
12231214243434
12231214341312
12231214341313
12231214341314
12231214341323
12231214341334
12231214341412
12231214341413
12231214341414
12231214341424
12231214341434
12231214342312
12231214342313
12231214342323
12231214342324
12231214342334
12231214342412
12231214342414
12231214342423
12231214342424
12231214342434
12231214343413
12231214343414
12231214343423
12231214343424
12231214343434
12231223121212
12231223121213
12231223121214
12231223121223
12231223121224
12231223121312
12231223121313
12231223121314
12231223121323
12231223121334
12231223121412
12231223121413
12231223121414
12231223121424
12231223121434
12231223122312
12231223122313
12231223122323
12231223122324
12231223122334
12231223122412
12231223122414
12231223122423
12231223122424
12231223122434
12231223131212
12231223131213
12231223131214
12231223131223
12231223131224
12231223131312
12231223131313
12231223131314
12231223131323
12231223131334
12231223131412
12231223131413
12231223131414
12231223131424
12231223131434
12231223132312
12231223132313
12231223132323
12231223132324
12231223132334
12231223133413
12231223133414
12231223133423
12231223133424
12231223133434
12231223231212
12231223231213
12231223231214
12231223231223
12231223231224
12231223231312
12231223231313
12231223231314
12231223231323
12231223231334
12231223232312
12231223232313
12231223232323
12231223232324
12231223232334
12231223232412
12231223232414
12231223232423
12231223232424
12231223232434
12231223233413
12231223233414
12231223233423
12231223233424
12231223233434
12231223241212
12231223241213
12231223241214
12231223241223
12231223241224
12231223241412
12231223241413
12231223241414
12231223241424
12231223241434
12231223242312
12231223242313
12231223242323
12231223242324
12231223242334
12231223242412
12231223242414
12231223242423
12231223242424
12231223242434
12231223243413
12231223243414
12231223243423
12231223243424
12231223243434
12231223341312
12231223341313
12231223341314
12231223341323
12231223341334
12231223341412
12231223341413
12231223341414
12231223341424
12231223341434
12231223342312
12231223342313
12231223342323
12231223342324
12231223342334
12231223342412
12231223342414
12231223342423
12231223342424
12231223342434
12231223343413
12231223343414
12231223343423
12231223343424
12231223343434
12231224121212
12231224121213
12231224121214
12231224121223
12231224121224
12231224121312
12231224121313
12231224121314
12231224121323
12231224121334
12231224121412
12231224121413
12231224121414
12231224121424
12231224121434
12231224122312
12231224122313
12231224122323
12231224122324
12231224122334
12231224122412
12231224122414
12231224122423
12231224122424
12231224122434
12231224141212
12231224141213
12231224141214
12231224141223
12231224141224
12231224141312
12231224141313
12231224141314
12231224141323
12231224141334
12231224141412
12231224141413
12231224141414
12231224141424
12231224141434
12231224142412
12231224142414
12231224142423
12231224142424
12231224142434
12231224143413
12231224143414
12231224143423
12231224143424
12231224143434
12231224231212
12231224231213
12231224231214
12231224231223
12231224231224
12231224231312
12231224231313
12231224231314
12231224231323
12231224231334
12231224232312
12231224232313
12231224232323
12231224232324
12231224232334
12231224232412
12231224232414
12231224232423
12231224232424
12231224232434
12231224233413
12231224233414
12231224233423
12231224233424
12231224233434
12231224241212
12231224241213
12231224241214
12231224241223
12231224241224
12231224241412
12231224241413
12231224241414
12231224241424
12231224241434
12231224242312
12231224242313
12231224242323
12231224242324
12231224242334
12231224242412
12231224242414
12231224242423
12231224242424
12231224242434
12231224243413
12231224243414
12231224243423
12231224243424
12231224243434
12231224341312
12231224341313
12231224341314
12231224341323
12231224341334
12231224341412
12231224341413
12231224341414
12231224341424
12231224341434
12231224342312
12231224342313
12231224342323
12231224342324
12231224342334
12231224342412
12231224342414
12231224342423
12231224342424
12231224342434
12231224343413
12231224343414
12231224343423
12231224343424
12231224343434
12231312121212
12231312121213
12231312121214
12231312121223
12231312121224
12231312121312
12231312121313
12231312121314
12231312121323
12231312121334
12231312121412
12231312121413
12231312121414
12231312121424
12231312121434
12231312122312
12231312122313
12231312122323
12231312122324
12231312122334
12231312122412
12231312122414
12231312122423
12231312122424
12231312122434
12231312131212
12231312131213
12231312131214
12231312131223
12231312131224
12231312131312
12231312131313
12231312131314
12231312131323
12231312131334
12231312131412
12231312131413
12231312131414
12231312131424
12231312131434
12231312132312
12231312132313
12231312132323
12231312132324
12231312132334
12231312133413
12231312133414
12231312133423
12231312133424
12231312133434
12231312141212
12231312141213
12231312141214
12231312141223
12231312141224
12231312141312
12231312141313
12231312141314
12231312141323
12231312141334
12231312141412
12231312141413
12231312141414
12231312141424
12231312141434
12231312142412
12231312142414
12231312142423
12231312142424
12231312142434
12231312143413
12231312143414
12231312143423
12231312143424
12231312143434
12231312231212
12231312231213
12231312231214
12231312231223
12231312231224
12231312231312
12231312231313
12231312231314
12231312231323
12231312231334
12231312232312
12231312232313
12231312232323
12231312232324
12231312232334
12231312232412
12231312232414
12231312232423
12231312232424
12231312232434
12231312233413
12231312233414
12231312233423
12231312233424
12231312233434
12231312241212
12231312241213
12231312241214
12231312241223
12231312241224
12231312241412
12231312241413
12231312241414
12231312241424
12231312241434
12231312242312
12231312242313
12231312242323
12231312242324
12231312242334
12231312242412
12231312242414
12231312242423
12231312242424
12231312242434
12231312243413
12231312243414
12231312243423
12231312243424
12231312243434
12231313121212
12231313121213
12231313121214
12231313121223
12231313121224
12231313121312
12231313121313
12231313121314
12231313121323
12231313121334
12231313121412
12231313121413
12231313121414
12231313121424
12231313121434
12231313122312
12231313122313
12231313122323
12231313122324
12231313122334
12231313122412
12231313122414
12231313122423
12231313122424
12231313122434
12231313131212
12231313131213
12231313131214
12231313131223
12231313131224
12231313131312
12231313131313
12231313131314
12231313131323
12231313131334
12231313131412
12231313131413
12231313131414
12231313131424
12231313131434
12231313132312
12231313132313
12231313132323
12231313132324
12231313132334
12231313133413
12231313133414
12231313133423
12231313133424
12231313133434
12231313141212
12231313141213
12231313141214
12231313141223
12231313141224
12231313141312
12231313141313
12231313141314
12231313141323
12231313141334
12231313141412
12231313141413
12231313141414
12231313141424
12231313141434
12231313142412
12231313142414
12231313142423
12231313142424
12231313142434
12231313143413
12231313143414
12231313143423
12231313143424
12231313143434
12231313231212
12231313231213
12231313231214
12231313231223
12231313231224
12231313231312
12231313231313
12231313231314
12231313231323
12231313231334
12231313232312
12231313232313
12231313232323
12231313232324
12231313232334
12231313232412
12231313232414
12231313232423
12231313232424
12231313232434
12231313233413
12231313233414
12231313233423
12231313233424
12231313233434
12231313341312
12231313341313
12231313341314
12231313341323
12231313341334
12231313341412
12231313341413
12231313341414
12231313341424
12231313341434
12231313342312
12231313342313
12231313342323
12231313342324
12231313342334
12231313342412
12231313342414
12231313342423
12231313342424
12231313342434
12231313343413
12231313343414
12231313343423
12231313343424
12231313343434
12231314121212
12231314121213
12231314121214
12231314121223
12231314121224
12231314121312
12231314121313
12231314121314
12231314121323
12231314121334
12231314121412
12231314121413
12231314121414
12231314121424
12231314121434
12231314122312
12231314122313
12231314122323
12231314122324
12231314122334
12231314122412
12231314122414
12231314122423
12231314122424
12231314122434
12231314131212
12231314131213
12231314131214
12231314131223
12231314131224
12231314131312
12231314131313
12231314131314
12231314131323
12231314131334
12231314131412
12231314131413
12231314131414
12231314131424
12231314131434
12231314132312
12231314132313
12231314132323
12231314132324
12231314132334
12231314133413
12231314133414
12231314133423
12231314133424
12231314133434
12231314141212
12231314141213
12231314141214
12231314141223
12231314141224
12231314141312
12231314141313
12231314141314
12231314141323
12231314141334
12231314141412
12231314141413
12231314141414
12231314141424
12231314141434
12231314142412
12231314142414
12231314142423
12231314142424
12231314142434
12231314143413
12231314143414
12231314143423
12231314143424
12231314143434
12231314241212
12231314241213
12231314241214
12231314241223
12231314241224
12231314241412
12231314241413
12231314241414
12231314241424
12231314241434
12231314242312
12231314242313
12231314242323
12231314242324
12231314242334
12231314242412
12231314242414
12231314242423
12231314242424
12231314242434
12231314243413
12231314243414
12231314243423
12231314243424
12231314243434
12231314341312
12231314341313
12231314341314
12231314341323
12231314341334
12231314341412
12231314341413
12231314341414
12231314341424
12231314341434
12231314342312
12231314342313
12231314342323
12231314342324
12231314342334
12231314342412
12231314342414
12231314342423
12231314342424
12231314342434
12231314343413
12231314343414
12231314343423
12231314343424
12231314343434
12231323121212
12231323121213
12231323121214
12231323121223
12231323121224
12231323121312
12231323121313
12231323121314
12231323121323
12231323121334
12231323121412
12231323121413
12231323121414
12231323121424
12231323121434
12231323122312
12231323122313
12231323122323
12231323122324
12231323122334
12231323122412
12231323122414
12231323122423
12231323122424
12231323122434
12231323131212
12231323131213
12231323131214
12231323131223
12231323131224
12231323131312
12231323131313
12231323131314
12231323131323
12231323131334
12231323131412
12231323131413
12231323131414
12231323131424
12231323131434
12231323132312
12231323132313
12231323132323
12231323132324
12231323132334
12231323133413
12231323133414
12231323133423
12231323133424
12231323133434
12231323231212
12231323231213
12231323231214
12231323231223
12231323231224
12231323231312
12231323231313
12231323231314
12231323231323
12231323231334
12231323232312
12231323232313
12231323232323
12231323232324
12231323232334
12231323232412
12231323232414
12231323232423
12231323232424
12231323232434
12231323233413
12231323233414
12231323233423
12231323233424
12231323233434
12231323241212
12231323241213
12231323241214
12231323241223
12231323241224
12231323241412
12231323241413
12231323241414
12231323241424
12231323241434
12231323242312
12231323242313
12231323242323
12231323242324
12231323242334
12231323242412
12231323242414
12231323242423
12231323242424
12231323242434
12231323243413
12231323243414
12231323243423
12231323243424
12231323243434
12231323341312
12231323341313
12231323341314
12231323341323
12231323341334
12231323341412
12231323341413
12231323341414
12231323341424
12231323341434
12231323342312
12231323342313
12231323342323
12231323342324
12231323342334
12231323342412
12231323342414
12231323342423
12231323342424
12231323342434
12231323343413
12231323343414
12231323343423
12231323343424
12231323343434
12231334131212
12231334131213
12231334131214
12231334131223
12231334131224
12231334131312
12231334131313
12231334131314
12231334131323
12231334131334
12231334131412
12231334131413
12231334131414
12231334131424
12231334131434
12231334132312
12231334132313
12231334132323
12231334132324
12231334132334
12231334133413
12231334133414
12231334133423
12231334133424
12231334133434
12231334141212
12231334141213
12231334141214
12231334141223
12231334141224
12231334141312
12231334141313
12231334141314
12231334141323
12231334141334
12231334141412
12231334141413
12231334141414
12231334141424
12231334141434
12231334142412
12231334142414
12231334142423
12231334142424
12231334142434
12231334143413
12231334143414
12231334143423
12231334143424
12231334143434
12231334231212
12231334231213
12231334231214
12231334231223
12231334231224
12231334231312
12231334231313
12231334231314
12231334231323
12231334231334
12231334232312
12231334232313
12231334232323
12231334232324
12231334232334
12231334232412
12231334232414
12231334232423
12231334232424
12231334232434
12231334233413
12231334233414
12231334233423
12231334233424
12231334233434
12231334241212
12231334241213
12231334241214
12231334241223
12231334241224
12231334241412
12231334241413
12231334241414
12231334241424
12231334241434
12231334242312
12231334242313
12231334242323
12231334242324
12231334242334
12231334242412
12231334242414
12231334242423
12231334242424
12231334242434
12231334243413
12231334243414
12231334243423
12231334243424
12231334243434
12231334341312
12231334341313
12231334341314
12231334341323
12231334341334
12231334341412
12231334341413
12231334341414
12231334341424
12231334341434
12231334342312
12231334342313
12231334342323
12231334342324
12231334342334
12231334342412
12231334342414
12231334342423
12231334342424
12231334342434
12231334343413
12231334343414
12231334343423
12231334343424
12231334343434
12232312121212
12232312121213
12232312121214
12232312121223
12232312121224
12232312121312
12232312121313
12232312121314
12232312121323
12232312121334
12232312121412
12232312121413
12232312121414
12232312121424
12232312121434
12232312122312
12232312122313
12232312122323
12232312122324
12232312122334
12232312122412
12232312122414
12232312122423
12232312122424
12232312122434
12232312131212
12232312131213
12232312131214
12232312131223
12232312131224
12232312131312
12232312131313
12232312131314
12232312131323
12232312131334
12232312131412
12232312131413
12232312131414
12232312131424
12232312131434
12232312132312
12232312132313
12232312132323
12232312132324
12232312132334
12232312133413
12232312133414
12232312133423
12232312133424
12232312133434
12232312141212
12232312141213
12232312141214
12232312141223
12232312141224
12232312141312
12232312141313
12232312141314
12232312141323
12232312141334
12232312141412
12232312141413
12232312141414
12232312141424
12232312141434
12232312142412
12232312142414
12232312142423
12232312142424
12232312142434
12232312143413
12232312143414
12232312143423
12232312143424
12232312143434
12232312231212
12232312231213
12232312231214
12232312231223
12232312231224
12232312231312
12232312231313
12232312231314
12232312231323
12232312231334
12232312232312
12232312232313
12232312232323
12232312232324
12232312232334
12232312232412
12232312232414
12232312232423
12232312232424
12232312232434
12232312233413
12232312233414
12232312233423
12232312233424
12232312233434
12232312241212
12232312241213
12232312241214
12232312241223
12232312241224
12232312241412
12232312241413
12232312241414
12232312241424
12232312241434
12232312242312
12232312242313
12232312242323
12232312242324
12232312242334
12232312242412
12232312242414
12232312242423
12232312242424
12232312242434
12232312243413
12232312243414
12232312243423
12232312243424
12232312243434
12232313121212
12232313121213
12232313121214
12232313121223
12232313121224
12232313121312
12232313121313
12232313121314
12232313121323
12232313121334
12232313121412
12232313121413
12232313121414
12232313121424
12232313121434
12232313122312
12232313122313
12232313122323
12232313122324
12232313122334
12232313122412
12232313122414
12232313122423
12232313122424
12232313122434
12232313131212
12232313131213
12232313131214
12232313131223
12232313131224
12232313131312
12232313131313
12232313131314
12232313131323
12232313131334
12232313131412
12232313131413
12232313131414
12232313131424
12232313131434
12232313132312
12232313132313
12232313132323
12232313132324
12232313132334
12232313133413
12232313133414
12232313133423
12232313133424
12232313133434
12232313141212
12232313141213
12232313141214
12232313141223
12232313141224
12232313141312
12232313141313
12232313141314
12232313141323
12232313141334
12232313141412
12232313141413
12232313141414
12232313141424
12232313141434
12232313142412
12232313142414
12232313142423
12232313142424
12232313142434
12232313143413
12232313143414
12232313143423
12232313143424
12232313143434
12232313231212
12232313231213
12232313231214
12232313231223
12232313231224
12232313231312
12232313231313
12232313231314
12232313231323
12232313231334
12232313232312
12232313232313
12232313232323
12232313232324
12232313232334
12232313232412
12232313232414
12232313232423
12232313232424
12232313232434
12232313233413
12232313233414
12232313233423
12232313233424
12232313233434
12232313341312
12232313341313
12232313341314
12232313341323
12232313341334
12232313341412
12232313341413
12232313341414
12232313341424
12232313341434
12232313342312
12232313342313
12232313342323
12232313342324
12232313342334
12232313342412
12232313342414
12232313342423
12232313342424
12232313342434
12232313343413
12232313343414
12232313343423
12232313343424
12232313343434
12232323121212
12232323121213
12232323121214
12232323121223
12232323121224
12232323121312
12232323121313
12232323121314
12232323121323
12232323121334
12232323121412
12232323121413
12232323121414
12232323121424
12232323121434
12232323122312
12232323122313
12232323122323
12232323122324
12232323122334
12232323122412
12232323122414
12232323122423
12232323122424
12232323122434
12232323131212
12232323131213
12232323131214
12232323131223
12232323131224
12232323131312
12232323131313
12232323131314
12232323131323
12232323131334
12232323131412
12232323131413
12232323131414
12232323131424
12232323131434
12232323132312
12232323132313
12232323132323
12232323132324
12232323132334
12232323133413
12232323133414
12232323133423
12232323133424
12232323133434
12232323231212
12232323231213
12232323231214
12232323231223
12232323231224
12232323231312
12232323231313
12232323231314
12232323231323
12232323231334
12232323232312
12232323232313
12232323232323
12232323232324
12232323232334
12232323232412
12232323232414
12232323232423
12232323232424
12232323232434
12232323233413
12232323233414
12232323233423
12232323233424
12232323233434
12232323241212
12232323241213
12232323241214
12232323241223
12232323241224
12232323241412
12232323241413
12232323241414
12232323241424
12232323241434
12232323242312
12232323242313
12232323242323
12232323242324
12232323242334
12232323242412
12232323242414
12232323242423
12232323242424
12232323242434
12232323243413
12232323243414
12232323243423
12232323243424
12232323243434
12232323341312
12232323341313
12232323341314
12232323341323
12232323341334
12232323341412
12232323341413
12232323341414
12232323341424
12232323341434
12232323342312
12232323342313
12232323342323
12232323342324
12232323342334
12232323342412
12232323342414
12232323342423
12232323342424
12232323342434
12232323343413
12232323343414
12232323343423
12232323343424
12232323343434
12232324121212
12232324121213
12232324121214
12232324121223
12232324121224
12232324121312
12232324121313
12232324121314
12232324121323
12232324121334
12232324121412
12232324121413
12232324121414
12232324121424
12232324121434
12232324122312
12232324122313
12232324122323
12232324122324
12232324122334
12232324122412
12232324122414
12232324122423
12232324122424
12232324122434
12232324141212
12232324141213
12232324141214
12232324141223
12232324141224
12232324141312
12232324141313
12232324141314
12232324141323
12232324141334
12232324141412
12232324141413
12232324141414
12232324141424
12232324141434
12232324142412
12232324142414
12232324142423
12232324142424
12232324142434
12232324143413
12232324143414
12232324143423
12232324143424
12232324143434
12232324231212
12232324231213
12232324231214
12232324231223
12232324231224
12232324231312
12232324231313
12232324231314
12232324231323
12232324231334
12232324232312
12232324232313
12232324232323
12232324232324
12232324232334
12232324232412
12232324232414
12232324232423
12232324232424
12232324232434
12232324233413
12232324233414
12232324233423
12232324233424
12232324233434
12232324241212
12232324241213
12232324241214
12232324241223
12232324241224
12232324241412
12232324241413
12232324241414
12232324241424
12232324241434
12232324242312
12232324242313
12232324242323
12232324242324
12232324242334
12232324242412
12232324242414
12232324242423
12232324242424
12232324242434
12232324243413
12232324243414
12232324243423
12232324243424
12232324243434
12232324341312
12232324341313
12232324341314
12232324341323
12232324341334
12232324341412
12232324341413
12232324341414
12232324341424
12232324341434
12232324342312
12232324342313
12232324342323
12232324342324
12232324342334
12232324342412
12232324342414
12232324342423
12232324342424
12232324342434
12232324343413
12232324343414
12232324343423
12232324343424
12232324343434
12232334131212
12232334131213
12232334131214
12232334131223
12232334131224
12232334131312
12232334131313
12232334131314
12232334131323
12232334131334
12232334131412
12232334131413
12232334131414
12232334131424
12232334131434
12232334132312
12232334132313
12232334132323
12232334132324
12232334132334
12232334133413
12232334133414
12232334133423
12232334133424
12232334133434
12232334141212
12232334141213
12232334141214
12232334141223
12232334141224
12232334141312
12232334141313
12232334141314
12232334141323
12232334141334
12232334141412
12232334141413
12232334141414
12232334141424
12232334141434
12232334142412
12232334142414
12232334142423
12232334142424
12232334142434
12232334143413
12232334143414
12232334143423
12232334143424
12232334143434
12232334231212
12232334231213
12232334231214
12232334231223
12232334231224
12232334231312
12232334231313
12232334231314
12232334231323
12232334231334
12232334232312
12232334232313
12232334232323
12232334232324
12232334232334
12232334232412
12232334232414
12232334232423
12232334232424
12232334232434
12232334233413
12232334233414
12232334233423
12232334233424
12232334233434
12232334241212
12232334241213
12232334241214
12232334241223
12232334241224
12232334241412
12232334241413
12232334241414
12232334241424
12232334241434
12232334242312
12232334242313
12232334242323
12232334242324
12232334242334
12232334242412
12232334242414
12232334242423
12232334242424
12232334242434
12232334243413
12232334243414
12232334243423
12232334243424
12232334243434
12232334341312
12232334341313
12232334341314
12232334341323
12232334341334
12232334341412
12232334341413
12232334341414
12232334341424
12232334341434
12232334342312
12232334342313
12232334342323
12232334342324
12232334342334
12232334342412
12232334342414
12232334342423
12232334342424
12232334342434
12232334343413
12232334343414
12232334343423
12232334343424
12232334343434
12232412121212
12232412121213
12232412121214
12232412121223
12232412121224
12232412121312
12232412121313
12232412121314
12232412121323
12232412121334
12232412121412
12232412121413
12232412121414
12232412121424
12232412121434
12232412122312
12232412122313
12232412122323
12232412122324
12232412122334
12232412122412
12232412122414
12232412122423
12232412122424
12232412122434
12232412131212
12232412131213
12232412131214
12232412131223
12232412131224
12232412131312
12232412131313
12232412131314
12232412131323
12232412131334
12232412131412
12232412131413
12232412131414
12232412131424
12232412131434
12232412132312
12232412132313
12232412132323
12232412132324
12232412132334
12232412133413
12232412133414
12232412133423
12232412133424
12232412133434
12232412141212
12232412141213
12232412141214
12232412141223
12232412141224
12232412141312
12232412141313
12232412141314
12232412141323
12232412141334
12232412141412
12232412141413
12232412141414
12232412141424
12232412141434
12232412142412
12232412142414
12232412142423
12232412142424
12232412142434
12232412143413
12232412143414
12232412143423
12232412143424
12232412143434
12232412231212
12232412231213
12232412231214
12232412231223
12232412231224
12232412231312
12232412231313
12232412231314
12232412231323
12232412231334
12232412232312
12232412232313
12232412232323
12232412232324
12232412232334
12232412232412
12232412232414
12232412232423
12232412232424
12232412232434
12232412233413
12232412233414
12232412233423
12232412233424
12232412233434
12232412241212
12232412241213
12232412241214
12232412241223
12232412241224
12232412241412
12232412241413
12232412241414
12232412241424
12232412241434
12232412242312
12232412242313
12232412242323
12232412242324
12232412242334
12232412242412
12232412242414
12232412242423
12232412242424
12232412242434
12232412243413
12232412243414
12232412243423
12232412243424
12232412243434
12232414121212
12232414121213
12232414121214
12232414121223
12232414121224
12232414121312
12232414121313
12232414121314
12232414121323
12232414121334
12232414121412
12232414121413
12232414121414
12232414121424
12232414121434
12232414122312
12232414122313
12232414122323
12232414122324
12232414122334
12232414122412
12232414122414
12232414122423
12232414122424
12232414122434
12232414131212
12232414131213
12232414131214
12232414131223
12232414131224
12232414131312
12232414131313
12232414131314
12232414131323
12232414131334
12232414131412
12232414131413
12232414131414
12232414131424
12232414131434
12232414132312
12232414132313
12232414132323
12232414132324
12232414132334
12232414133413
12232414133414
12232414133423
12232414133424
12232414133434
12232414141212
12232414141213
12232414141214
12232414141223
12232414141224
12232414141312
12232414141313
12232414141314
12232414141323
12232414141334
12232414141412
12232414141413
12232414141414
12232414141424
12232414141434
12232414142412
12232414142414
12232414142423
12232414142424
12232414142434
12232414143413
12232414143414
12232414143423
12232414143424
12232414143434
12232414241212
12232414241213
12232414241214
12232414241223
12232414241224
12232414241412
12232414241413
12232414241414
12232414241424
12232414241434
12232414242312
12232414242313
12232414242323
12232414242324
12232414242334
12232414242412
12232414242414
12232414242423
12232414242424
12232414242434
12232414243413
12232414243414
12232414243423
12232414243424
12232414243434
12232414341312
12232414341313
12232414341314
12232414341323
12232414341334
12232414341412
12232414341413
12232414341414
12232414341424
12232414341434
12232414342312
12232414342313
12232414342323
12232414342324
12232414342334
12232414342412
12232414342414
12232414342423
12232414342424
12232414342434
12232414343413
12232414343414
12232414343423
12232414343424
12232414343434
12232423121212
12232423121213
12232423121214
12232423121223
12232423121224
12232423121312
12232423121313
12232423121314
12232423121323
12232423121334
12232423121412
12232423121413
12232423121414
12232423121424
12232423121434
12232423122312
12232423122313
12232423122323
12232423122324
12232423122334
12232423122412
12232423122414
12232423122423
12232423122424
12232423122434
12232423131212
12232423131213
12232423131214
12232423131223
12232423131224
12232423131312
12232423131313
12232423131314
12232423131323
12232423131334
12232423131412
12232423131413
12232423131414
12232423131424
12232423131434
12232423132312
12232423132313
12232423132323
12232423132324
12232423132334
12232423133413
12232423133414
12232423133423
12232423133424
12232423133434
12232423231212
12232423231213
12232423231214
12232423231223
12232423231224
12232423231312
12232423231313
12232423231314
12232423231323
12232423231334
12232423232312
12232423232313
12232423232323
12232423232324
12232423232334
12232423232412
12232423232414
12232423232423
12232423232424
12232423232434
12232423233413
12232423233414
12232423233423
12232423233424
12232423233434
12232423241212
12232423241213
12232423241214
12232423241223
12232423241224
12232423241412
12232423241413
12232423241414
12232423241424
12232423241434
12232423242312
12232423242313
12232423242323
12232423242324
12232423242334
12232423242412
12232423242414
12232423242423
12232423242424
12232423242434
12232423243413
12232423243414
12232423243423
12232423243424
12232423243434
12232423341312
12232423341313
12232423341314
12232423341323
12232423341334
12232423341412
12232423341413
12232423341414
12232423341424
12232423341434
12232423342312
12232423342313
12232423342323
12232423342324
12232423342334
12232423342412
12232423342414
12232423342423
12232423342424
12232423342434
12232423343413
12232423343414
12232423343423
12232423343424
12232423343434
12232424121212
12232424121213
12232424121214
12232424121223
12232424121224
12232424121312
12232424121313
12232424121314
12232424121323
12232424121334
12232424121412
12232424121413
12232424121414
12232424121424
12232424121434
12232424122312
12232424122313
12232424122323
12232424122324
12232424122334
12232424122412
12232424122414
12232424122423
12232424122424
12232424122434
12232424141212
12232424141213
12232424141214
12232424141223
12232424141224
12232424141312
12232424141313
12232424141314
12232424141323
12232424141334
12232424141412
12232424141413
12232424141414
12232424141424
12232424141434
12232424142412
12232424142414
12232424142423
12232424142424
12232424142434
12232424143413
12232424143414
12232424143423
12232424143424
12232424143434
12232424231212
12232424231213
12232424231214
12232424231223
12232424231224
12232424231312
12232424231313
12232424231314
12232424231323
12232424231334
12232424232312
12232424232313
12232424232323
12232424232324
12232424232334
12232424232412
12232424232414
12232424232423
12232424232424
12232424232434
12232424233413
12232424233414
12232424233423
12232424233424
12232424233434
12232424241212
12232424241213
12232424241214
12232424241223
12232424241224
12232424241412
12232424241413
12232424241414
12232424241424
12232424241434
12232424242312
12232424242313
12232424242323
12232424242324
12232424242334
12232424242412
12232424242414
12232424242423
12232424242424
12232424242434
12232424243413
12232424243414
12232424243423
12232424243424
12232424243434
12232424341312
12232424341313
12232424341314
12232424341323
12232424341334
12232424341412
12232424341413
12232424341414
12232424341424
12232424341434
12232424342312
12232424342313
12232424342323
12232424342324
12232424342334
12232424342412
12232424342414
12232424342423
12232424342424
12232424342434
12232424343413
12232424343414
12232424343423
12232424343424
12232424343434
12232434131212
12232434131213
12232434131214
12232434131223
12232434131224
12232434131312
12232434131313
12232434131314
12232434131323
12232434131334
12232434131412
12232434131413
12232434131414
12232434131424
12232434131434
12232434132312
12232434132313
12232434132323
12232434132324
12232434132334
12232434133413
12232434133414
12232434133423
12232434133424
12232434133434
12232434141212
12232434141213
12232434141214
12232434141223
12232434141224
12232434141312
12232434141313
12232434141314
12232434141323
12232434141334
12232434141412
12232434141413
12232434141414
12232434141424
12232434141434
12232434142412
12232434142414
12232434142423
12232434142424
12232434142434
12232434143413
12232434143414
12232434143423
12232434143424
12232434143434
12232434231212
12232434231213
12232434231214
12232434231223
12232434231224
12232434231312
12232434231313
12232434231314
12232434231323
12232434231334
12232434232312
12232434232313
12232434232323
12232434232324
12232434232334
12232434232412
12232434232414
12232434232423
12232434232424
12232434232434
12232434233413
12232434233414
12232434233423
12232434233424
12232434233434
12232434241212
12232434241213
12232434241214
12232434241223
12232434241224
12232434241412
12232434241413
12232434241414
12232434241424
12232434241434
12232434242312
12232434242313
12232434242323
12232434242324
12232434242334
12232434242412
12232434242414
12232434242423
12232434242424
12232434242434
12232434243413
12232434243414
12232434243423
12232434243424
12232434243434
12232434341312
12232434341313
12232434341314
12232434341323
12232434341334
12232434341412
12232434341413
12232434341414
12232434341424
12232434341434
12232434342312
12232434342313
12232434342323
12232434342324
12232434342334
12232434342412
12232434342414
12232434342423
12232434342424
12232434342434
12232434343413
12232434343414
12232434343423
12232434343424
12232434343434
12233413121212
12233413121213
12233413121214
12233413121223
12233413121224
12233413121312
12233413121313
12233413121314
12233413121323
12233413121334
12233413121412
12233413121413
12233413121414
12233413121424
12233413121434
12233413122312
12233413122313
12233413122323
12233413122324
12233413122334
12233413122412
12233413122414
12233413122423
12233413122424
12233413122434
12233413131212
12233413131213
12233413131214
12233413131223
12233413131224
12233413131312
12233413131313
12233413131314
12233413131323
12233413131334
12233413131412
12233413131413
12233413131414
12233413131424
12233413131434
12233413132312
12233413132313
12233413132323
12233413132324
12233413132334
12233413133413
12233413133414
12233413133423
12233413133424
12233413133434
12233413141212
12233413141213
12233413141214
12233413141223
12233413141224
12233413141312
12233413141313
12233413141314
12233413141323
12233413141334
12233413141412
12233413141413
12233413141414
12233413141424
12233413141434
12233413142412
12233413142414
12233413142423
12233413142424
12233413142434
12233413143413
12233413143414
12233413143423
12233413143424
12233413143434
12233413231212
12233413231213
12233413231214
12233413231223
12233413231224
12233413231312
12233413231313
12233413231314
12233413231323
12233413231334
12233413232312
12233413232313
12233413232323
12233413232324
12233413232334
12233413232412
12233413232414
12233413232423
12233413232424
12233413232434
12233413233413
12233413233414
12233413233423
12233413233424
12233413233434
12233413341312
12233413341313
12233413341314
12233413341323
12233413341334
12233413341412
12233413341413
12233413341414
12233413341424
12233413341434
12233413342312
12233413342313
12233413342323
12233413342324
12233413342334
12233413342412
12233413342414
12233413342423
12233413342424
12233413342434
12233413343413
12233413343414
12233413343423
12233413343424
12233413343434
12233414121212
12233414121213
12233414121214
12233414121223
12233414121224
12233414121312
12233414121313
12233414121314
12233414121323
12233414121334
12233414121412
12233414121413
12233414121414
12233414121424
12233414121434
12233414122312
12233414122313
12233414122323
12233414122324
12233414122334
12233414122412
12233414122414
12233414122423
12233414122424
12233414122434
12233414131212
12233414131213
12233414131214
12233414131223
12233414131224
12233414131312
12233414131313
12233414131314
12233414131323
12233414131334
12233414131412
12233414131413
12233414131414
12233414131424
12233414131434
12233414132312
12233414132313
12233414132323
12233414132324
12233414132334
12233414133413
12233414133414
12233414133423
12233414133424
12233414133434
12233414141212
12233414141213
12233414141214
12233414141223
12233414141224
12233414141312
12233414141313
12233414141314
12233414141323
12233414141334
12233414141412
12233414141413
12233414141414
12233414141424
12233414141434
12233414142412
12233414142414
12233414142423
12233414142424
12233414142434
12233414143413
12233414143414
12233414143423
12233414143424
12233414143434
12233414241212
12233414241213
12233414241214
12233414241223
12233414241224
12233414241412
12233414241413
12233414241414
12233414241424
12233414241434
12233414242312
12233414242313
12233414242323
12233414242324
12233414242334
12233414242412
12233414242414
12233414242423
12233414242424
12233414242434
12233414243413
12233414243414
12233414243423
12233414243424
12233414243434
12233414341312
12233414341313
12233414341314
12233414341323
12233414341334
12233414341412
12233414341413
12233414341414
12233414341424
12233414341434
12233414342312
12233414342313
12233414342323
12233414342324
12233414342334
12233414342412
12233414342414
12233414342423
12233414342424
12233414342434
12233414343413
12233414343414
12233414343423
12233414343424
12233414343434
12233423121212
12233423121213
12233423121214
12233423121223
12233423121224
12233423121312
12233423121313
12233423121314
12233423121323
12233423121334
12233423121412
12233423121413
12233423121414
12233423121424
12233423121434
12233423122312
12233423122313
12233423122323
12233423122324
12233423122334
12233423122412
12233423122414
12233423122423
12233423122424
12233423122434
12233423131212
12233423131213
12233423131214
12233423131223
12233423131224
12233423131312
12233423131313
12233423131314
12233423131323
12233423131334
12233423131412
12233423131413
12233423131414
12233423131424
12233423131434
12233423132312
12233423132313
12233423132323
12233423132324
12233423132334
12233423133413
12233423133414
12233423133423
12233423133424
12233423133434
12233423231212
12233423231213
12233423231214
12233423231223
12233423231224
12233423231312
12233423231313
12233423231314
12233423231323
12233423231334
12233423232312
12233423232313
12233423232323
12233423232324
12233423232334
12233423232412
12233423232414
12233423232423
12233423232424
12233423232434
12233423233413
12233423233414
12233423233423
12233423233424
12233423233434
12233423241212
12233423241213
12233423241214
12233423241223
12233423241224
12233423241412
12233423241413
12233423241414
12233423241424
12233423241434
12233423242312
12233423242313
12233423242323
12233423242324
12233423242334
12233423242412
12233423242414
12233423242423
12233423242424
12233423242434
12233423243413
12233423243414
12233423243423
12233423243424
12233423243434
12233423341312
12233423341313
12233423341314
12233423341323
12233423341334
12233423341412
12233423341413
12233423341414
12233423341424
12233423341434
12233423342312
12233423342313
12233423342323
12233423342324
12233423342334
12233423342412
12233423342414
12233423342423
12233423342424
12233423342434
12233423343413
12233423343414
12233423343423
12233423343424
12233423343434
12233424121212
12233424121213
12233424121214
12233424121223
12233424121224
12233424121312
12233424121313
12233424121314
12233424121323
12233424121334
12233424121412
12233424121413
12233424121414
12233424121424
12233424121434
12233424122312
12233424122313
12233424122323
12233424122324
12233424122334
12233424122412
12233424122414
12233424122423
12233424122424
12233424122434
12233424141212
12233424141213
12233424141214
12233424141223
12233424141224
12233424141312
12233424141313
12233424141314
12233424141323
12233424141334
12233424141412
12233424141413
12233424141414
12233424141424
12233424141434
12233424142412
12233424142414
12233424142423
12233424142424
12233424142434
12233424143413
12233424143414
12233424143423
12233424143424
12233424143434
12233424231212
12233424231213
12233424231214
12233424231223
12233424231224
12233424231312
12233424231313
12233424231314
12233424231323
12233424231334
12233424232312
12233424232313
12233424232323
12233424232324
12233424232334
12233424232412
12233424232414
12233424232423
12233424232424
12233424232434
12233424233413
12233424233414
12233424233423
12233424233424
12233424233434
12233424241212
12233424241213
12233424241214
12233424241223
12233424241224
12233424241412
12233424241413
12233424241414
12233424241424
12233424241434
12233424242312
12233424242313
12233424242323
12233424242324
12233424242334
12233424242412
12233424242414
12233424242423
12233424242424
12233424242434
12233424243413
12233424243414
12233424243423
12233424243424
12233424243434
12233424341312
12233424341313
12233424341314
12233424341323
12233424341334
12233424341412
12233424341413
12233424341414
12233424341424
12233424341434
12233424342312
12233424342313
12233424342323
12233424342324
12233424342334
12233424342412
12233424342414
12233424342423
12233424342424
12233424342434
12233424343413
12233424343414
12233424343423
12233424343424
12233424343434
12233434131212
12233434131213
12233434131214
12233434131223
12233434131224
12233434131312
12233434131313
12233434131314
12233434131323
12233434131334
12233434131412
12233434131413
12233434131414
12233434131424
12233434131434
12233434132312
12233434132313
12233434132323
12233434132324
12233434132334
12233434133413
12233434133414
12233434133423
12233434133424
12233434133434
12233434141212
12233434141213
12233434141214
12233434141223
12233434141224
12233434141312
12233434141313
12233434141314
12233434141323
12233434141334
12233434141412
12233434141413
12233434141414
12233434141424
12233434141434
12233434142412
12233434142414
12233434142423
12233434142424
12233434142434
12233434143413
12233434143414
12233434143423
12233434143424
12233434143434
12233434231212
12233434231213
12233434231214
12233434231223
12233434231224
12233434231312
12233434231313
12233434231314
12233434231323
12233434231334
12233434232312
12233434232313
12233434232323
12233434232324
12233434232334
12233434232412
12233434232414
12233434232423
12233434232424
12233434232434
12233434233413
12233434233414
12233434233423
12233434233424
12233434233434
12233434241212
12233434241213
12233434241214
12233434241223
12233434241224
12233434241412
12233434241413
12233434241414
12233434241424
12233434241434
12233434242312
12233434242313
12233434242323
12233434242324
12233434242334
12233434242412
12233434242414
12233434242423
12233434242424
12233434242434
12233434243413
12233434243414
12233434243423
12233434243424
12233434243434
12233434341312
12233434341313
12233434341314
12233434341323
12233434341334
12233434341412
12233434341413
12233434341414
12233434341424
12233434341434
12233434342312
12233434342313
12233434342323
12233434342324
12233434342334
12233434342412
12233434342414
12233434342423
12233434342424
12233434342434
12233434343413
12233434343414
12233434343423
12233434343424
12233434343434
