12
1212
1223
121212
121223
122312
122313
122323
12121212
12121223
12122312
12122313
12122323
12231212
12231213
12231223
12231312
12231313
12231323
12232312
12232313
12232323
1212121212
1212121223
1212122312
1212122313
1212122323
1212231212
1212231213
1212231223
1212231312
1212231313
1212231323
1212232312
1212232313
1212232323
1223121212
1223121213
1223121223
1223121312
1223121313
1223121323
1223122312
1223122313
1223122323
1223131212
1223131213
1223131223
1223131312
1223131313
1223131323
1223132312
1223132313
1223132323
1223231212
1223231213
1223231223
1223231312
1223231313
1223231323
1223232312
1223232313
1223232323
121212121212
121212121223
121212122312
121212122313
121212122323
121212231212
121212231213
121212231223
121212231312
121212231313
121212231323
121212232312
121212232313
121212232323
121223121212
121223121213
121223121223
121223121312
121223121313
121223121323
121223122312
121223122313
121223122323
121223131212
121223131213
121223131223
121223131312
121223131313
121223131323
121223132312
121223132313
121223132323
121223231212
121223231213
121223231223
121223231312
121223231313
121223231323
121223232312
121223232313
121223232323
122312121212
122312121213
122312121223
122312121312
122312121313
122312121323
122312122312
122312122313
122312122323
122312131212
122312131213
122312131223
122312131312
122312131313
122312131323
122312132312
122312132313
122312132323
122312231212
122312231213
122312231223
122312231312
122312231313
122312231323
122312232312
122312232313
122312232323
122313121212
122313121213
122313121223
122313121312
122313121313
122313121323
122313122312
122313122313
122313122323
122313131212
122313131213
122313131223
122313131312
122313131313
122313131323
122313132312
122313132313
122313132323
122313231212
122313231213
122313231223
122313231312
122313231313
122313231323
122313232312
122313232313
122313232323
122323121212
122323121213
122323121223
122323121312
122323121313
122323121323
122323122312
122323122313
122323122323
122323131212
122323131213
122323131223
122323131312
122323131313
122323131323
122323132312
122323132313
122323132323
122323231212
122323231213
122323231223
122323231312
122323231313
122323231323
122323232312
122323232313
122323232323
