12
1212
1223
121212
121223
122312
122313
122323
12121212
12121223
12122312
12122313
12122323
12231212
12231213
12231223
12231312
12231313
12231323
12232312
12232313
12232323
1212121212
1212121223
1212122312
1212122313
1212122323
1212231212
1212231213
1212231223
1212231312
1212231313
1212231323
1212232312
1212232313
1212232323
1223121212
1223121213
1223121223
1223121312
1223121313
1223121323
1223122312
1223122313
1223122323
1223131212
1223131213
1223131223
1223131312
1223131313
1223131323
1223132312
1223132313
1223132323
1223231212
1223231213
1223231223
1223231312
1223231313
1223231323
1223232312
1223232313
1223232323
