12
1212
1223
121212
121223
122312
122313
122323
122324
122334
12121212
12121223
12122312
12122313
12122323
12122324
12122334
12231212
12231213
12231214
12231223
12231224
12231312
12231313
12231314
12231323
12231334
12232312
12232313
12232323
12232324
12232334
12232412
12232414
12232423
12232424
12232434
12233413
12233414
12233423
12233424
12233434
1212121212
1212121223
1212122312
1212122313
1212122323
1212122324
1212122334
1212231212
1212231213
1212231214
1212231223
1212231224
1212231312
1212231313
1212231314
1212231323
1212231334
1212232312
1212232313
1212232323
1212232324
1212232334
1212232412
1212232414
1212232423
1212232424
1212232434
1212233413
1212233414
1212233423
1212233424
1212233434
1223121212
1223121213
1223121214
1223121223
1223121224
1223121312
1223121313
1223121314
1223121323
1223121334
1223121412
1223121413
1223121414
1223121424
1223121434
1223122312
1223122313
1223122323
1223122324
1223122334
1223122412
1223122414
1223122423
1223122424
1223122434
1223131212
1223131213
1223131214
1223131223
1223131224
1223131312
1223131313
1223131314
1223131323
1223131334
1223131412
1223131413
1223131414
1223131424
1223131434
1223132312
1223132313
1223132323
1223132324
1223132334
1223133413
1223133414
1223133423
1223133424
1223133434
1223231212
1223231213
1223231214
1223231223
1223231224
1223231312
1223231313
1223231314
1223231323
1223231334
1223232312
1223232313
1223232323
1223232324
1223232334
1223232412
1223232414
1223232423
1223232424
1223232434
1223233413
1223233414
1223233423
1223233424
1223233434
1223241212
1223241213
1223241214
1223241223
1223241224
1223241412
1223241413
1223241414
1223241424
1223241434
1223242312
1223242313
1223242323
1223242324
1223242334
1223242412
1223242414
1223242423
1223242424
1223242434
1223243413
1223243414
1223243423
1223243424
1223243434
1223341312
1223341313
1223341314
1223341323
1223341334
1223341412
1223341413
1223341414
1223341424
1223341434
1223342312
1223342313
1223342323
1223342324
1223342334
1223342412
1223342414
1223342423
1223342424
1223342434
1223343413
1223343414
1223343423
1223343424
1223343434
121212121212
121212121223
121212122312
121212122313
121212122323
121212122324
121212122334
121212231212
121212231213
121212231214
121212231223
121212231224
121212231312
121212231313
121212231314
121212231323
121212231334
121212232312
121212232313
121212232323
121212232324
121212232334
121212232412
121212232414
121212232423
121212232424
121212232434
121212233413
121212233414
121212233423
121212233424
121212233434
121223121212
121223121213
121223121214
121223121223
121223121224
121223121312
121223121313
121223121314
121223121323
121223121334
121223121412
121223121413
121223121414
121223121424
121223121434
121223122312
121223122313
121223122323
121223122324
121223122334
121223122412
121223122414
121223122423
121223122424
121223122434
121223131212
121223131213
121223131214
121223131223
121223131224
121223131312
121223131313
121223131314
121223131323
121223131334
121223131412
121223131413
121223131414
121223131424
121223131434
121223132312
121223132313
121223132323
121223132324
121223132334
121223133413
121223133414
121223133423
121223133424
121223133434
121223231212
121223231213
121223231214
121223231223
121223231224
121223231312
121223231313
121223231314
121223231323
121223231334
121223232312
121223232313
121223232323
121223232324
121223232334
121223232412
121223232414
121223232423
121223232424
121223232434
121223233413
121223233414
121223233423
121223233424
121223233434
121223241212
121223241213
121223241214
121223241223
121223241224
121223241412
121223241413
121223241414
121223241424
121223241434
121223242312
121223242313
121223242323
121223242324
121223242334
121223242412
121223242414
121223242423
121223242424
121223242434
121223243413
121223243414
121223243423
121223243424
121223243434
121223341312
121223341313
121223341314
121223341323
121223341334
121223341412
121223341413
121223341414
121223341424
121223341434
121223342312
121223342313
121223342323
121223342324
121223342334
121223342412
121223342414
121223342423
121223342424
121223342434
121223343413
121223343414
121223343423
121223343424
121223343434
122312121212
122312121213
122312121214
122312121223
122312121224
122312121312
122312121313
122312121314
122312121323
122312121334
122312121412
122312121413
122312121414
122312121424
122312121434
122312122312
122312122313
122312122323
122312122324
122312122334
122312122412
122312122414
122312122423
122312122424
122312122434
122312131212
122312131213
122312131214
122312131223
122312131224
122312131312
122312131313
122312131314
122312131323
122312131334
122312131412
122312131413
122312131414
122312131424
122312131434
122312132312
122312132313
122312132323
122312132324
122312132334
122312133413
122312133414
122312133423
122312133424
122312133434
122312141212
122312141213
122312141214
122312141223
122312141224
122312141312
122312141313
122312141314
122312141323
122312141334
122312141412
122312141413
122312141414
122312141424
122312141434
122312142412
122312142414
122312142423
122312142424
122312142434
122312143413
122312143414
122312143423
122312143424
122312143434
122312231212
122312231213
122312231214
122312231223
122312231224
122312231312
122312231313
122312231314
122312231323
122312231334
122312232312
122312232313
122312232323
122312232324
122312232334
122312232412
122312232414
122312232423
122312232424
122312232434
122312233413
122312233414
122312233423
122312233424
122312233434
122312241212
122312241213
122312241214
122312241223
122312241224
122312241412
122312241413
122312241414
122312241424
122312241434
122312242312
122312242313
122312242323
122312242324
122312242334
122312242412
122312242414
122312242423
122312242424
122312242434
122312243413
122312243414
122312243423
122312243424
122312243434
122313121212
122313121213
122313121214
122313121223
122313121224
122313121312
122313121313
122313121314
122313121323
122313121334
122313121412
122313121413
122313121414
122313121424
122313121434
122313122312
122313122313
122313122323
122313122324
122313122334
122313122412
122313122414
122313122423
122313122424
122313122434
122313131212
122313131213
122313131214
122313131223
122313131224
122313131312
122313131313
122313131314
122313131323
122313131334
122313131412
122313131413
122313131414
122313131424
122313131434
122313132312
122313132313
122313132323
122313132324
122313132334
122313133413
122313133414
122313133423
122313133424
122313133434
122313141212
122313141213
122313141214
122313141223
122313141224
122313141312
122313141313
122313141314
122313141323
122313141334
122313141412
122313141413
122313141414
122313141424
122313141434
122313142412
122313142414
122313142423
122313142424
122313142434
122313143413
122313143414
122313143423
122313143424
122313143434
122313231212
122313231213
122313231214
122313231223
122313231224
122313231312
122313231313
122313231314
122313231323
122313231334
122313232312
122313232313
122313232323
122313232324
122313232334
122313232412
122313232414
122313232423
122313232424
122313232434
122313233413
122313233414
122313233423
122313233424
122313233434
122313341312
122313341313
122313341314
122313341323
122313341334
122313341412
122313341413
122313341414
122313341424
122313341434
122313342312
122313342313
122313342323
122313342324
122313342334
122313342412
122313342414
122313342423
122313342424
122313342434
122313343413
122313343414
122313343423
122313343424
122313343434
122323121212
122323121213
122323121214
122323121223
122323121224
122323121312
122323121313
122323121314
122323121323
122323121334
122323121412
122323121413
122323121414
122323121424
122323121434
122323122312
122323122313
122323122323
122323122324
122323122334
122323122412
122323122414
122323122423
122323122424
122323122434
122323131212
122323131213
122323131214
122323131223
122323131224
122323131312
122323131313
122323131314
122323131323
122323131334
122323131412
122323131413
122323131414
122323131424
122323131434
122323132312
122323132313
122323132323
122323132324
122323132334
122323133413
122323133414
122323133423
122323133424
122323133434
122323231212
122323231213
122323231214
122323231223
122323231224
122323231312
122323231313
122323231314
122323231323
122323231334
122323232312
122323232313
122323232323
122323232324
122323232334
122323232412
122323232414
122323232423
122323232424
122323232434
122323233413
122323233414
122323233423
122323233424
122323233434
122323241212
122323241213
122323241214
122323241223
122323241224
122323241412
122323241413
122323241414
122323241424
122323241434
122323242312
122323242313
122323242323
122323242324
122323242334
122323242412
122323242414
122323242423
122323242424
122323242434
122323243413
122323243414
122323243423
122323243424
122323243434
122323341312
122323341313
122323341314
122323341323
122323341334
122323341412
122323341413
122323341414
122323341424
122323341434
122323342312
122323342313
122323342323
122323342324
122323342334
122323342412
122323342414
122323342423
122323342424
122323342434
122323343413
122323343414
122323343423
122323343424
122323343434
122324121212
122324121213
122324121214
122324121223
122324121224
122324121312
122324121313
122324121314
122324121323
122324121334
122324121412
122324121413
122324121414
122324121424
122324121434
122324122312
122324122313
122324122323
122324122324
122324122334
122324122412
122324122414
122324122423
122324122424
122324122434
122324141212
122324141213
122324141214
122324141223
122324141224
122324141312
122324141313
122324141314
122324141323
122324141334
122324141412
122324141413
122324141414
122324141424
122324141434
122324142412
122324142414
122324142423
122324142424
122324142434
122324143413
122324143414
122324143423
122324143424
122324143434
122324231212
122324231213
122324231214
122324231223
122324231224
122324231312
122324231313
122324231314
122324231323
122324231334
122324232312
122324232313
122324232323
122324232324
122324232334
122324232412
122324232414
122324232423
122324232424
122324232434
122324233413
122324233414
122324233423
122324233424
122324233434
122324241212
122324241213
122324241214
122324241223
122324241224
122324241412
122324241413
122324241414
122324241424
122324241434
122324242312
122324242313
122324242323
122324242324
122324242334
122324242412
122324242414
122324242423
122324242424
122324242434
122324243413
122324243414
122324243423
122324243424
122324243434
122324341312
122324341313
122324341314
122324341323
122324341334
122324341412
122324341413
122324341414
122324341424
122324341434
122324342312
122324342313
122324342323
122324342324
122324342334
122324342412
122324342414
122324342423
122324342424
122324342434
122324343413
122324343414
122324343423
122324343424
122324343434
122334131212
122334131213
122334131214
122334131223
122334131224
122334131312
122334131313
122334131314
122334131323
122334131334
122334131412
122334131413
122334131414
122334131424
122334131434
122334132312
122334132313
122334132323
122334132324
122334132334
122334133413
122334133414
122334133423
122334133424
122334133434
122334141212
122334141213
122334141214
122334141223
122334141224
122334141312
122334141313
122334141314
122334141323
122334141334
122334141412
122334141413
122334141414
122334141424
122334141434
122334142412
122334142414
122334142423
122334142424
122334142434
122334143413
122334143414
122334143423
122334143424
122334143434
122334231212
122334231213
122334231214
122334231223
122334231224
122334231312
122334231313
122334231314
122334231323
122334231334
122334232312
122334232313
122334232323
122334232324
122334232334
122334232412
122334232414
122334232423
122334232424
122334232434
122334233413
122334233414
122334233423
122334233424
122334233434
122334241212
122334241213
122334241214
122334241223
122334241224
122334241412
122334241413
122334241414
122334241424
122334241434
122334242312
122334242313
122334242323
122334242324
122334242334
122334242412
122334242414
122334242423
122334242424
122334242434
122334243413
122334243414
122334243423
122334243424
122334243434
122334341312
122334341313
122334341314
122334341323
122334341334
122334341412
122334341413
122334341414
122334341424
122334341434
122334342312
122334342313
122334342323
122334342324
122334342334
122334342412
122334342414
122334342423
122334342424
122334342434
122334343413
122334343414
122334343423
122334343424
122334343434
