12
1212
1223
121212
121223
122312
122313
122323
12121212
12121223
12122312
12122313
12122323
12231212
12231213
12231223
12231312
12231313
12231323
12232312
12232313
12232323
1212121212
1212121223
1212122312
1212122313
1212122323
1212231212
1212231213
1212231223
1212231312
1212231313
1212231323
1212232312
1212232313
1212232323
1223121212
1223121213
1223121223
1223121312
1223121313
1223121323
1223122312
1223122313
1223122323
1223131212
1223131213
1223131223
1223131312
1223131313
1223131323
1223132312
1223132313
1223132323
1223231212
1223231213
1223231223
1223231312
1223231313
1223231323
1223232312
1223232313
1223232323
121212121212
121212121223
121212122312
121212122313
121212122323
121212231212
121212231213
121212231223
121212231312
121212231313
121212231323
121212232312
121212232313
121212232323
121223121212
121223121213
121223121223
121223121312
121223121313
121223121323
121223122312
121223122313
121223122323
121223131212
121223131213
121223131223
121223131312
121223131313
121223131323
121223132312
121223132313
121223132323
121223231212
121223231213
121223231223
121223231312
121223231313
121223231323
121223232312
121223232313
121223232323
122312121212
122312121213
122312121223
122312121312
122312121313
122312121323
122312122312
122312122313
122312122323
122312131212
122312131213
122312131223
122312131312
122312131313
122312131323
122312132312
122312132313
122312132323
122312231212
122312231213
122312231223
122312231312
122312231313
122312231323
122312232312
122312232313
122312232323
122313121212
122313121213
122313121223
122313121312
122313121313
122313121323
122313122312
122313122313
122313122323
122313131212
122313131213
122313131223
122313131312
122313131313
122313131323
122313132312
122313132313
122313132323
122313231212
122313231213
122313231223
122313231312
122313231313
122313231323
122313232312
122313232313
122313232323
122323121212
122323121213
122323121223
122323121312
122323121313
122323121323
122323122312
122323122313
122323122323
122323131212
122323131213
122323131223
122323131312
122323131313
122323131323
122323132312
122323132313
122323132323
122323231212
122323231213
122323231223
122323231312
122323231313
122323231323
122323232312
122323232313
122323232323
12121212121212
12121212121223
12121212122312
12121212122313
12121212122323
12121212231212
12121212231213
12121212231223
12121212231312
12121212231313
12121212231323
12121212232312
12121212232313
12121212232323
12121223121212
12121223121213
12121223121223
12121223121312
12121223121313
12121223121323
12121223122312
12121223122313
12121223122323
12121223131212
12121223131213
12121223131223
12121223131312
12121223131313
12121223131323
12121223132312
12121223132313
12121223132323
12121223231212
12121223231213
12121223231223
12121223231312
12121223231313
12121223231323
12121223232312
12121223232313
12121223232323
12122312121212
12122312121213
12122312121223
12122312121312
12122312121313
12122312121323
12122312122312
12122312122313
12122312122323
12122312131212
12122312131213
12122312131223
12122312131312
12122312131313
12122312131323
12122312132312
12122312132313
12122312132323
12122312231212
12122312231213
12122312231223
12122312231312
12122312231313
12122312231323
12122312232312
12122312232313
12122312232323
12122313121212
12122313121213
12122313121223
12122313121312
12122313121313
12122313121323
12122313122312
12122313122313
12122313122323
12122313131212
12122313131213
12122313131223
12122313131312
12122313131313
12122313131323
12122313132312
12122313132313
12122313132323
12122313231212
12122313231213
12122313231223
12122313231312
12122313231313
12122313231323
12122313232312
12122313232313
12122313232323
12122323121212
12122323121213
12122323121223
12122323121312
12122323121313
12122323121323
12122323122312
12122323122313
12122323122323
12122323131212
12122323131213
12122323131223
12122323131312
12122323131313
12122323131323
12122323132312
12122323132313
12122323132323
12122323231212
12122323231213
12122323231223
12122323231312
12122323231313
12122323231323
12122323232312
12122323232313
12122323232323
12231212121212
12231212121213
12231212121223
12231212121312
12231212121313
12231212121323
12231212122312
12231212122313
12231212122323
12231212131212
12231212131213
12231212131223
12231212131312
12231212131313
12231212131323
12231212132312
12231212132313
12231212132323
12231212231212
12231212231213
12231212231223
12231212231312
12231212231313
12231212231323
12231212232312
12231212232313
12231212232323
12231213121212
12231213121213
12231213121223
12231213121312
12231213121313
12231213121323
12231213122312
12231213122313
12231213122323
12231213131212
12231213131213
12231213131223
12231213131312
12231213131313
12231213131323
12231213132312
12231213132313
12231213132323
12231213231212
12231213231213
12231213231223
12231213231312
12231213231313
12231213231323
12231213232312
12231213232313
12231213232323
12231223121212
12231223121213
12231223121223
12231223121312
12231223121313
12231223121323
12231223122312
12231223122313
12231223122323
12231223131212
12231223131213
12231223131223
12231223131312
12231223131313
12231223131323
12231223132312
12231223132313
12231223132323
12231223231212
12231223231213
12231223231223
12231223231312
12231223231313
12231223231323
12231223232312
12231223232313
12231223232323
12231312121212
12231312121213
12231312121223
12231312121312
12231312121313
12231312121323
12231312122312
12231312122313
12231312122323
12231312131212
12231312131213
12231312131223
12231312131312
12231312131313
12231312131323
12231312132312
12231312132313
12231312132323
12231312231212
12231312231213
12231312231223
12231312231312
12231312231313
12231312231323
12231312232312
12231312232313
12231312232323
12231313121212
12231313121213
12231313121223
12231313121312
12231313121313
12231313121323
12231313122312
12231313122313
12231313122323
12231313131212
12231313131213
12231313131223
12231313131312
12231313131313
12231313131323
12231313132312
12231313132313
12231313132323
12231313231212
12231313231213
12231313231223
12231313231312
12231313231313
12231313231323
12231313232312
12231313232313
12231313232323
12231323121212
12231323121213
12231323121223
12231323121312
12231323121313
12231323121323
12231323122312
12231323122313
12231323122323
12231323131212
12231323131213
12231323131223
12231323131312
12231323131313
12231323131323
12231323132312
12231323132313
12231323132323
12231323231212
12231323231213
12231323231223
12231323231312
12231323231313
12231323231323
12231323232312
12231323232313
12231323232323
12232312121212
12232312121213
12232312121223
12232312121312
12232312121313
12232312121323
12232312122312
12232312122313
12232312122323
12232312131212
12232312131213
12232312131223
12232312131312
12232312131313
12232312131323
12232312132312
12232312132313
12232312132323
12232312231212
12232312231213
12232312231223
12232312231312
12232312231313
12232312231323
12232312232312
12232312232313
12232312232323
12232313121212
12232313121213
12232313121223
12232313121312
12232313121313
12232313121323
12232313122312
12232313122313
12232313122323
12232313131212
12232313131213
12232313131223
12232313131312
12232313131313
12232313131323
12232313132312
12232313132313
12232313132323
12232313231212
12232313231213
12232313231223
12232313231312
12232313231313
12232313231323
12232313232312
12232313232313
12232313232323
12232323121212
12232323121213
12232323121223
12232323121312
12232323121313
12232323121323
12232323122312
12232323122313
12232323122323
12232323131212
12232323131213
12232323131223
12232323131312
12232323131313
12232323131323
12232323132312
12232323132313
12232323132323
12232323231212
12232323231213
12232323231223
12232323231312
12232323231313
12232323231323
12232323232312
12232323232313
12232323232323
1212121212121212
1212121212121223
1212121212122312
1212121212122313
1212121212122323
1212121212231212
1212121212231213
1212121212231223
1212121212231312
1212121212231313
1212121212231323
1212121212232312
1212121212232313
1212121212232323
1212121223121212
1212121223121213
1212121223121223
1212121223121312
1212121223121313
1212121223121323
1212121223122312
1212121223122313
1212121223122323
1212121223131212
1212121223131213
1212121223131223
1212121223131312
1212121223131313
1212121223131323
1212121223132312
1212121223132313
1212121223132323
1212121223231212
1212121223231213
1212121223231223
1212121223231312
1212121223231313
1212121223231323
1212121223232312
1212121223232313
1212121223232323
1212122312121212
1212122312121213
1212122312121223
1212122312121312
1212122312121313
1212122312121323
1212122312122312
1212122312122313
1212122312122323
1212122312131212
1212122312131213
1212122312131223
1212122312131312
1212122312131313
1212122312131323
1212122312132312
1212122312132313
1212122312132323
1212122312231212
1212122312231213
1212122312231223
1212122312231312
1212122312231313
1212122312231323
1212122312232312
1212122312232313
1212122312232323
1212122313121212
1212122313121213
1212122313121223
1212122313121312
1212122313121313
1212122313121323
1212122313122312
1212122313122313
1212122313122323
1212122313131212
1212122313131213
1212122313131223
1212122313131312
1212122313131313
1212122313131323
1212122313132312
1212122313132313
1212122313132323
1212122313231212
1212122313231213
1212122313231223
1212122313231312
1212122313231313
1212122313231323
1212122313232312
1212122313232313
1212122313232323
1212122323121212
1212122323121213
1212122323121223
1212122323121312
1212122323121313
1212122323121323
1212122323122312
1212122323122313
1212122323122323
1212122323131212
1212122323131213
1212122323131223
1212122323131312
1212122323131313
1212122323131323
1212122323132312
1212122323132313
1212122323132323
1212122323231212
1212122323231213
1212122323231223
1212122323231312
1212122323231313
1212122323231323
1212122323232312
1212122323232313
1212122323232323
1212231212121212
1212231212121213
1212231212121223
1212231212121312
1212231212121313
1212231212121323
1212231212122312
1212231212122313
1212231212122323
1212231212131212
1212231212131213
1212231212131223
1212231212131312
1212231212131313
1212231212131323
1212231212132312
1212231212132313
1212231212132323
1212231212231212
1212231212231213
1212231212231223
1212231212231312
1212231212231313
1212231212231323
1212231212232312
1212231212232313
1212231212232323
1212231213121212
1212231213121213
1212231213121223
1212231213121312
1212231213121313
1212231213121323
1212231213122312
1212231213122313
1212231213122323
1212231213131212
1212231213131213
1212231213131223
1212231213131312
1212231213131313
1212231213131323
1212231213132312
1212231213132313
1212231213132323
1212231213231212
1212231213231213
1212231213231223
1212231213231312
1212231213231313
1212231213231323
1212231213232312
1212231213232313
1212231213232323
1212231223121212
1212231223121213
1212231223121223
1212231223121312
1212231223121313
1212231223121323
1212231223122312
1212231223122313
1212231223122323
1212231223131212
1212231223131213
1212231223131223
1212231223131312
1212231223131313
1212231223131323
1212231223132312
1212231223132313
1212231223132323
1212231223231212
1212231223231213
1212231223231223
1212231223231312
1212231223231313
1212231223231323
1212231223232312
1212231223232313
1212231223232323
1212231312121212
1212231312121213
1212231312121223
1212231312121312
1212231312121313
1212231312121323
1212231312122312
1212231312122313
1212231312122323
1212231312131212
1212231312131213
1212231312131223
1212231312131312
1212231312131313
1212231312131323
1212231312132312
1212231312132313
1212231312132323
1212231312231212
1212231312231213
1212231312231223
1212231312231312
1212231312231313
1212231312231323
1212231312232312
1212231312232313
1212231312232323
1212231313121212
1212231313121213
1212231313121223
1212231313121312
1212231313121313
1212231313121323
1212231313122312
1212231313122313
1212231313122323
1212231313131212
1212231313131213
1212231313131223
1212231313131312
1212231313131313
1212231313131323
1212231313132312
1212231313132313
1212231313132323
1212231313231212
1212231313231213
1212231313231223
1212231313231312
1212231313231313
1212231313231323
1212231313232312
1212231313232313
1212231313232323
1212231323121212
1212231323121213
1212231323121223
1212231323121312
1212231323121313
1212231323121323
1212231323122312
1212231323122313
1212231323122323
1212231323131212
1212231323131213
1212231323131223
1212231323131312
1212231323131313
1212231323131323
1212231323132312
1212231323132313
1212231323132323
1212231323231212
1212231323231213
1212231323231223
1212231323231312
1212231323231313
1212231323231323
1212231323232312
1212231323232313
1212231323232323
1212232312121212
1212232312121213
1212232312121223
1212232312121312
1212232312121313
1212232312121323
1212232312122312
1212232312122313
1212232312122323
1212232312131212
1212232312131213
1212232312131223
1212232312131312
1212232312131313
1212232312131323
1212232312132312
1212232312132313
1212232312132323
1212232312231212
1212232312231213
1212232312231223
1212232312231312
1212232312231313
1212232312231323
1212232312232312
1212232312232313
1212232312232323
1212232313121212
1212232313121213
1212232313121223
1212232313121312
1212232313121313
1212232313121323
1212232313122312
1212232313122313
1212232313122323
1212232313131212
1212232313131213
1212232313131223
1212232313131312
1212232313131313
1212232313131323
1212232313132312
1212232313132313
1212232313132323
1212232313231212
1212232313231213
1212232313231223
1212232313231312
1212232313231313
1212232313231323
1212232313232312
1212232313232313
1212232313232323
1212232323121212
1212232323121213
1212232323121223
1212232323121312
1212232323121313
1212232323121323
1212232323122312
1212232323122313
1212232323122323
1212232323131212
1212232323131213
1212232323131223
1212232323131312
1212232323131313
1212232323131323
1212232323132312
1212232323132313
1212232323132323
1212232323231212
1212232323231213
1212232323231223
1212232323231312
1212232323231313
1212232323231323
1212232323232312
1212232323232313
1212232323232323
1223121212121212
1223121212121213
1223121212121223
1223121212121312
1223121212121313
1223121212121323
1223121212122312
1223121212122313
1223121212122323
1223121212131212
1223121212131213
1223121212131223
1223121212131312
1223121212131313
1223121212131323
1223121212132312
1223121212132313
1223121212132323
1223121212231212
1223121212231213
1223121212231223
1223121212231312
1223121212231313
1223121212231323
1223121212232312
1223121212232313
1223121212232323
1223121213121212
1223121213121213
1223121213121223
1223121213121312
1223121213121313
1223121213121323
1223121213122312
1223121213122313
1223121213122323
1223121213131212
1223121213131213
1223121213131223
1223121213131312
1223121213131313
1223121213131323
1223121213132312
1223121213132313
1223121213132323
1223121213231212
1223121213231213
1223121213231223
1223121213231312
1223121213231313
1223121213231323
1223121213232312
1223121213232313
1223121213232323
1223121223121212
1223121223121213
1223121223121223
1223121223121312
1223121223121313
1223121223121323
1223121223122312
1223121223122313
1223121223122323
1223121223131212
1223121223131213
1223121223131223
1223121223131312
1223121223131313
1223121223131323
1223121223132312
1223121223132313
1223121223132323
1223121223231212
1223121223231213
1223121223231223
1223121223231312
1223121223231313
1223121223231323
1223121223232312
1223121223232313
1223121223232323
1223121312121212
1223121312121213
1223121312121223
1223121312121312
1223121312121313
1223121312121323
1223121312122312
1223121312122313
1223121312122323
1223121312131212
1223121312131213
1223121312131223
1223121312131312
1223121312131313
1223121312131323
1223121312132312
1223121312132313
1223121312132323
1223121312231212
1223121312231213
1223121312231223
1223121312231312
1223121312231313
1223121312231323
1223121312232312
1223121312232313
1223121312232323
1223121313121212
1223121313121213
1223121313121223
1223121313121312
1223121313121313
1223121313121323
1223121313122312
1223121313122313
1223121313122323
1223121313131212
1223121313131213
1223121313131223
1223121313131312
1223121313131313
1223121313131323
1223121313132312
1223121313132313
1223121313132323
1223121313231212
1223121313231213
1223121313231223
1223121313231312
1223121313231313
1223121313231323
1223121313232312
1223121313232313
1223121313232323
1223121323121212
1223121323121213
1223121323121223
1223121323121312
1223121323121313
1223121323121323
1223121323122312
1223121323122313
1223121323122323
1223121323131212
1223121323131213
1223121323131223
1223121323131312
1223121323131313
1223121323131323
1223121323132312
1223121323132313
1223121323132323
1223121323231212
1223121323231213
1223121323231223
1223121323231312
1223121323231313
1223121323231323
1223121323232312
1223121323232313
1223121323232323
1223122312121212
1223122312121213
1223122312121223
1223122312121312
1223122312121313
1223122312121323
1223122312122312
1223122312122313
1223122312122323
1223122312131212
1223122312131213
1223122312131223
1223122312131312
1223122312131313
1223122312131323
1223122312132312
1223122312132313
1223122312132323
1223122312231212
1223122312231213
1223122312231223
1223122312231312
1223122312231313
1223122312231323
1223122312232312
1223122312232313
1223122312232323
1223122313121212
1223122313121213
1223122313121223
1223122313121312
1223122313121313
1223122313121323
1223122313122312
1223122313122313
1223122313122323
1223122313131212
1223122313131213
1223122313131223
1223122313131312
1223122313131313
1223122313131323
1223122313132312
1223122313132313
1223122313132323
1223122313231212
1223122313231213
1223122313231223
1223122313231312
1223122313231313
1223122313231323
1223122313232312
1223122313232313
1223122313232323
1223122323121212
1223122323121213
1223122323121223
1223122323121312
1223122323121313
1223122323121323
1223122323122312
1223122323122313
1223122323122323
1223122323131212
1223122323131213
1223122323131223
1223122323131312
1223122323131313
1223122323131323
1223122323132312
1223122323132313
1223122323132323
1223122323231212
1223122323231213
1223122323231223
1223122323231312
1223122323231313
1223122323231323
1223122323232312
1223122323232313
1223122323232323
1223131212121212
1223131212121213
1223131212121223
1223131212121312
1223131212121313
1223131212121323
1223131212122312
1223131212122313
1223131212122323
1223131212131212
1223131212131213
1223131212131223
1223131212131312
1223131212131313
1223131212131323
1223131212132312
1223131212132313
1223131212132323
1223131212231212
1223131212231213
1223131212231223
1223131212231312
1223131212231313
1223131212231323
1223131212232312
1223131212232313
1223131212232323
1223131213121212
1223131213121213
1223131213121223
1223131213121312
1223131213121313
1223131213121323
1223131213122312
1223131213122313
1223131213122323
1223131213131212
1223131213131213
1223131213131223
1223131213131312
1223131213131313
1223131213131323
1223131213132312
1223131213132313
1223131213132323
1223131213231212
1223131213231213
1223131213231223
1223131213231312
1223131213231313
1223131213231323
1223131213232312
1223131213232313
1223131213232323
1223131223121212
1223131223121213
1223131223121223
1223131223121312
1223131223121313
1223131223121323
1223131223122312
1223131223122313
1223131223122323
1223131223131212
1223131223131213
1223131223131223
1223131223131312
1223131223131313
1223131223131323
1223131223132312
1223131223132313
1223131223132323
1223131223231212
1223131223231213
1223131223231223
1223131223231312
1223131223231313
1223131223231323
1223131223232312
1223131223232313
1223131223232323
1223131312121212
1223131312121213
1223131312121223
1223131312121312
1223131312121313
1223131312121323
1223131312122312
1223131312122313
1223131312122323
1223131312131212
1223131312131213
1223131312131223
1223131312131312
1223131312131313
1223131312131323
1223131312132312
1223131312132313
1223131312132323
1223131312231212
1223131312231213
1223131312231223
1223131312231312
1223131312231313
1223131312231323
1223131312232312
1223131312232313
1223131312232323
1223131313121212
1223131313121213
1223131313121223
1223131313121312
1223131313121313
1223131313121323
1223131313122312
1223131313122313
1223131313122323
1223131313131212
1223131313131213
1223131313131223
1223131313131312
1223131313131313
1223131313131323
1223131313132312
1223131313132313
1223131313132323
1223131313231212
1223131313231213
1223131313231223
1223131313231312
1223131313231313
1223131313231323
1223131313232312
1223131313232313
1223131313232323
1223131323121212
1223131323121213
1223131323121223
1223131323121312
1223131323121313
1223131323121323
1223131323122312
1223131323122313
1223131323122323
1223131323131212
1223131323131213
1223131323131223
1223131323131312
1223131323131313
1223131323131323
1223131323132312
1223131323132313
1223131323132323
1223131323231212
1223131323231213
1223131323231223
1223131323231312
1223131323231313
1223131323231323
1223131323232312
1223131323232313
1223131323232323
1223132312121212
1223132312121213
1223132312121223
1223132312121312
1223132312121313
1223132312121323
1223132312122312
1223132312122313
1223132312122323
1223132312131212
1223132312131213
1223132312131223
1223132312131312
1223132312131313
1223132312131323
1223132312132312
1223132312132313
1223132312132323
1223132312231212
1223132312231213
1223132312231223
1223132312231312
1223132312231313
1223132312231323
1223132312232312
1223132312232313
1223132312232323
1223132313121212
1223132313121213
1223132313121223
1223132313121312
1223132313121313
1223132313121323
1223132313122312
1223132313122313
1223132313122323
1223132313131212
1223132313131213
1223132313131223
1223132313131312
1223132313131313
1223132313131323
1223132313132312
1223132313132313
1223132313132323
1223132313231212
1223132313231213
1223132313231223
1223132313231312
1223132313231313
1223132313231323
1223132313232312
1223132313232313
1223132313232323
1223132323121212
1223132323121213
1223132323121223
1223132323121312
1223132323121313
1223132323121323
1223132323122312
1223132323122313
1223132323122323
1223132323131212
1223132323131213
1223132323131223
1223132323131312
1223132323131313
1223132323131323
1223132323132312
1223132323132313
1223132323132323
1223132323231212
1223132323231213
1223132323231223
1223132323231312
1223132323231313
1223132323231323
1223132323232312
1223132323232313
1223132323232323
1223231212121212
1223231212121213
1223231212121223
1223231212121312
1223231212121313
1223231212121323
1223231212122312
1223231212122313
1223231212122323
1223231212131212
1223231212131213
1223231212131223
1223231212131312
1223231212131313
1223231212131323
1223231212132312
1223231212132313
1223231212132323
1223231212231212
1223231212231213
1223231212231223
1223231212231312
1223231212231313
1223231212231323
1223231212232312
1223231212232313
1223231212232323
1223231213121212
1223231213121213
1223231213121223
1223231213121312
1223231213121313
1223231213121323
1223231213122312
1223231213122313
1223231213122323
1223231213131212
1223231213131213
1223231213131223
1223231213131312
1223231213131313
1223231213131323
1223231213132312
1223231213132313
1223231213132323
1223231213231212
1223231213231213
1223231213231223
1223231213231312
1223231213231313
1223231213231323
1223231213232312
1223231213232313
1223231213232323
1223231223121212
1223231223121213
1223231223121223
1223231223121312
1223231223121313
1223231223121323
1223231223122312
1223231223122313
1223231223122323
1223231223131212
1223231223131213
1223231223131223
1223231223131312
1223231223131313
1223231223131323
1223231223132312
1223231223132313
1223231223132323
1223231223231212
1223231223231213
1223231223231223
1223231223231312
1223231223231313
1223231223231323
1223231223232312
1223231223232313
1223231223232323
1223231312121212
1223231312121213
1223231312121223
1223231312121312
1223231312121313
1223231312121323
1223231312122312
1223231312122313
1223231312122323
1223231312131212
1223231312131213
1223231312131223
1223231312131312
1223231312131313
1223231312131323
1223231312132312
1223231312132313
1223231312132323
1223231312231212
1223231312231213
1223231312231223
1223231312231312
1223231312231313
1223231312231323
1223231312232312
1223231312232313
1223231312232323
1223231313121212
1223231313121213
1223231313121223
1223231313121312
1223231313121313
1223231313121323
1223231313122312
1223231313122313
1223231313122323
1223231313131212
1223231313131213
1223231313131223
1223231313131312
1223231313131313
1223231313131323
1223231313132312
1223231313132313
1223231313132323
1223231313231212
1223231313231213
1223231313231223
1223231313231312
1223231313231313
1223231313231323
1223231313232312
1223231313232313
1223231313232323
1223231323121212
1223231323121213
1223231323121223
1223231323121312
1223231323121313
1223231323121323
1223231323122312
1223231323122313
1223231323122323
1223231323131212
1223231323131213
1223231323131223
1223231323131312
1223231323131313
1223231323131323
1223231323132312
1223231323132313
1223231323132323
1223231323231212
1223231323231213
1223231323231223
1223231323231312
1223231323231313
1223231323231323
1223231323232312
1223231323232313
1223231323232323
1223232312121212
1223232312121213
1223232312121223
1223232312121312
1223232312121313
1223232312121323
1223232312122312
1223232312122313
1223232312122323
1223232312131212
1223232312131213
1223232312131223
1223232312131312
1223232312131313
1223232312131323
1223232312132312
1223232312132313
1223232312132323
1223232312231212
1223232312231213
1223232312231223
1223232312231312
1223232312231313
1223232312231323
1223232312232312
1223232312232313
1223232312232323
1223232313121212
1223232313121213
1223232313121223
1223232313121312
1223232313121313
1223232313121323
1223232313122312
1223232313122313
1223232313122323
1223232313131212
1223232313131213
1223232313131223
1223232313131312
1223232313131313
1223232313131323
1223232313132312
1223232313132313
1223232313132323
1223232313231212
1223232313231213
1223232313231223
1223232313231312
1223232313231313
1223232313231323
1223232313232312
1223232313232313
1223232313232323
1223232323121212
1223232323121213
1223232323121223
1223232323121312
1223232323121313
1223232323121323
1223232323122312
1223232323122313
1223232323122323
1223232323131212
1223232323131213
1223232323131223
1223232323131312
1223232323131313
1223232323131323
1223232323132312
1223232323132313
1223232323132323
1223232323231212
1223232323231213
1223232323231223
1223232323231312
1223232323231313
1223232323231323
1223232323232312
1223232323232313
1223232323232323
