12
1212
1223
121212
121223
122312
122313
122323
122324
122334
12121212
12121223
12122312
12122313
12122323
12122324
12122334
12231212
12231213
12231214
12231223
12231224
12231312
12231313
12231314
12231323
12231334
12232312
12232313
12232323
12232324
12232334
12232412
12232414
12232423
12232424
12232434
12233413
12233414
12233423
12233424
12233434
1212121212
1212121223
1212122312
1212122313
1212122323
1212122324
1212122334
1212231212
1212231213
1212231214
1212231223
1212231224
1212231312
1212231313
1212231314
1212231323
1212231334
1212232312
1212232313
1212232323
1212232324
1212232334
1212232412
1212232414
1212232423
1212232424
1212232434
1212233413
1212233414
1212233423
1212233424
1212233434
1223121212
1223121213
1223121214
1223121223
1223121224
1223121312
1223121313
1223121314
1223121323
1223121334
1223121412
1223121413
1223121414
1223121424
1223121434
1223122312
1223122313
1223122323
1223122324
1223122334
1223122412
1223122414
1223122423
1223122424
1223122434
1223131212
1223131213
1223131214
1223131223
1223131224
1223131312
1223131313
1223131314
1223131323
1223131334
1223131412
1223131413
1223131414
1223131424
1223131434
1223132312
1223132313
1223132323
1223132324
1223132334
1223133413
1223133414
1223133423
1223133424
1223133434
1223231212
1223231213
1223231214
1223231223
1223231224
1223231312
1223231313
1223231314
1223231323
1223231334
1223232312
1223232313
1223232323
1223232324
1223232334
1223232412
1223232414
1223232423
1223232424
1223232434
1223233413
1223233414
1223233423
1223233424
1223233434
1223241212
1223241213
1223241214
1223241223
1223241224
1223241412
1223241413
1223241414
1223241424
1223241434
1223242312
1223242313
1223242323
1223242324
1223242334
1223242412
1223242414
1223242423
1223242424
1223242434
1223243413
1223243414
1223243423
1223243424
1223243434
1223341312
1223341313
1223341314
1223341323
1223341334
1223341412
1223341413
1223341414
1223341424
1223341434
1223342312
1223342313
1223342323
1223342324
1223342334
1223342412
1223342414
1223342423
1223342424
1223342434
1223343413
1223343414
1223343423
1223343424
1223343434
