12
1212
1223
121212
121223
122312
122313
122323
12121212
12121223
12122312
12122313
12122323
12231212
12231213
12231223
12231312
12231313
12231323
12232312
12232313
12232323
1212121212
1212121223
1212122312
1212122313
1212122323
1212231212
1212231213
1212231223
1212231312
1212231313
1212231323
1212232312
1212232313
1212232323
1223121212
1223121213
1223121223
1223121312
1223121313
1223121323
1223122312
1223122313
1223122323
1223131212
1223131213
1223131223
1223131312
1223131313
1223131323
1223132312
1223132313
1223132323
1223231212
1223231213
1223231223
1223231312
1223231313
1223231323
1223232312
1223232313
1223232323
121212121212
121212121223
121212122312
121212122313
121212122323
121212231212
121212231213
121212231223
121212231312
121212231313
121212231323
121212232312
121212232313
121212232323
121223121212
121223121213
121223121223
121223121312
121223121313
121223121323
121223122312
121223122313
121223122323
121223131212
121223131213
121223131223
121223131312
121223131313
121223131323
121223132312
121223132313
121223132323
121223231212
121223231213
121223231223
121223231312
121223231313
121223231323
121223232312
121223232313
121223232323
122312121212
122312121213
122312121223
122312121312
122312121313
122312121323
122312122312
122312122313
122312122323
122312131212
122312131213
122312131223
122312131312
122312131313
122312131323
122312132312
122312132313
122312132323
122312231212
122312231213
122312231223
122312231312
122312231313
122312231323
122312232312
122312232313
122312232323
122313121212
122313121213
122313121223
122313121312
122313121313
122313121323
122313122312
122313122313
122313122323
122313131212
122313131213
122313131223
122313131312
122313131313
122313131323
122313132312
122313132313
122313132323
122313231212
122313231213
122313231223
122313231312
122313231313
122313231323
122313232312
122313232313
122313232323
122323121212
122323121213
122323121223
122323121312
122323121313
122323121323
122323122312
122323122313
122323122323
122323131212
122323131213
122323131223
122323131312
122323131313
122323131323
122323132312
122323132313
122323132323
122323231212
122323231213
122323231223
122323231312
122323231313
122323231323
122323232312
122323232313
122323232323
12121212121212
12121212121223
12121212122312
12121212122313
12121212122323
12121212231212
12121212231213
12121212231223
12121212231312
12121212231313
12121212231323
12121212232312
12121212232313
12121212232323
12121223121212
12121223121213
12121223121223
12121223121312
12121223121313
12121223121323
12121223122312
12121223122313
12121223122323
12121223131212
12121223131213
12121223131223
12121223131312
12121223131313
12121223131323
12121223132312
12121223132313
12121223132323
12121223231212
12121223231213
12121223231223
12121223231312
12121223231313
12121223231323
12121223232312
12121223232313
12121223232323
12122312121212
12122312121213
12122312121223
12122312121312
12122312121313
12122312121323
12122312122312
12122312122313
12122312122323
12122312131212
12122312131213
12122312131223
12122312131312
12122312131313
12122312131323
12122312132312
12122312132313
12122312132323
12122312231212
12122312231213
12122312231223
12122312231312
12122312231313
12122312231323
12122312232312
12122312232313
12122312232323
12122313121212
12122313121213
12122313121223
12122313121312
12122313121313
12122313121323
12122313122312
12122313122313
12122313122323
12122313131212
12122313131213
12122313131223
12122313131312
12122313131313
12122313131323
12122313132312
12122313132313
12122313132323
12122313231212
12122313231213
12122313231223
12122313231312
12122313231313
12122313231323
12122313232312
12122313232313
12122313232323
12122323121212
12122323121213
12122323121223
12122323121312
12122323121313
12122323121323
12122323122312
12122323122313
12122323122323
12122323131212
12122323131213
12122323131223
12122323131312
12122323131313
12122323131323
12122323132312
12122323132313
12122323132323
12122323231212
12122323231213
12122323231223
12122323231312
12122323231313
12122323231323
12122323232312
12122323232313
12122323232323
12231212121212
12231212121213
12231212121223
12231212121312
12231212121313
12231212121323
12231212122312
12231212122313
12231212122323
12231212131212
12231212131213
12231212131223
12231212131312
12231212131313
12231212131323
12231212132312
12231212132313
12231212132323
12231212231212
12231212231213
12231212231223
12231212231312
12231212231313
12231212231323
12231212232312
12231212232313
12231212232323
12231213121212
12231213121213
12231213121223
12231213121312
12231213121313
12231213121323
12231213122312
12231213122313
12231213122323
12231213131212
12231213131213
12231213131223
12231213131312
12231213131313
12231213131323
12231213132312
12231213132313
12231213132323
12231213231212
12231213231213
12231213231223
12231213231312
12231213231313
12231213231323
12231213232312
12231213232313
12231213232323
12231223121212
12231223121213
12231223121223
12231223121312
12231223121313
12231223121323
12231223122312
12231223122313
12231223122323
12231223131212
12231223131213
12231223131223
12231223131312
12231223131313
12231223131323
12231223132312
12231223132313
12231223132323
12231223231212
12231223231213
12231223231223
12231223231312
12231223231313
12231223231323
12231223232312
12231223232313
12231223232323
12231312121212
12231312121213
12231312121223
12231312121312
12231312121313
12231312121323
12231312122312
12231312122313
12231312122323
12231312131212
12231312131213
12231312131223
12231312131312
12231312131313
12231312131323
12231312132312
12231312132313
12231312132323
12231312231212
12231312231213
12231312231223
12231312231312
12231312231313
12231312231323
12231312232312
12231312232313
12231312232323
12231313121212
12231313121213
12231313121223
12231313121312
12231313121313
12231313121323
12231313122312
12231313122313
12231313122323
12231313131212
12231313131213
12231313131223
12231313131312
12231313131313
12231313131323
12231313132312
12231313132313
12231313132323
12231313231212
12231313231213
12231313231223
12231313231312
12231313231313
12231313231323
12231313232312
12231313232313
12231313232323
12231323121212
12231323121213
12231323121223
12231323121312
12231323121313
12231323121323
12231323122312
12231323122313
12231323122323
12231323131212
12231323131213
12231323131223
12231323131312
12231323131313
12231323131323
12231323132312
12231323132313
12231323132323
12231323231212
12231323231213
12231323231223
12231323231312
12231323231313
12231323231323
12231323232312
12231323232313
12231323232323
12232312121212
12232312121213
12232312121223
12232312121312
12232312121313
12232312121323
12232312122312
12232312122313
12232312122323
12232312131212
12232312131213
12232312131223
12232312131312
12232312131313
12232312131323
12232312132312
12232312132313
12232312132323
12232312231212
12232312231213
12232312231223
12232312231312
12232312231313
12232312231323
12232312232312
12232312232313
12232312232323
12232313121212
12232313121213
12232313121223
12232313121312
12232313121313
12232313121323
12232313122312
12232313122313
12232313122323
12232313131212
12232313131213
12232313131223
12232313131312
12232313131313
12232313131323
12232313132312
12232313132313
12232313132323
12232313231212
12232313231213
12232313231223
12232313231312
12232313231313
12232313231323
12232313232312
12232313232313
12232313232323
12232323121212
12232323121213
12232323121223
12232323121312
12232323121313
12232323121323
12232323122312
12232323122313
12232323122323
12232323131212
12232323131213
12232323131223
12232323131312
12232323131313
12232323131323
12232323132312
12232323132313
12232323132323
12232323231212
12232323231213
12232323231223
12232323231312
12232323231313
12232323231323
12232323232312
12232323232313
12232323232323
